1
0
0
0
0
0
0
0
0
0
0
0
0
0
0
0
0
0
0
0
0
0
0
0
0
0
0
0
0
0
0
0
0
0
0
0
0
0
0
0
0
0
0
0
0
0
0
0
0
54
82
93
113
153
155
149
142
148
129
142
141
153
128
134
139
143
157
159
145
149
159
176
173
166
177
189
177
169
176
197
184
189
176
191
176
187
215
228
228
238
268
259
269
270
265
304
292
341
361
367
437
458
432
465
509
601
572
636
632
609
624
629
603
651
671
681
754
801
764
821
836
814
859
789
843
866
887
933
1001
1036
971
988
1008
1064
1097
1089
1092
1101
1081
1111
1238
1269
1221
1223
1234
1211
1213
1159
1177
1174
1152
910
931
938
930
915
864
889
872
831
794
815
628
623
625
587
1371
570
422
401
395
390
283
295
248
243
253
255
229
226
230
215
220
172
154
1417
160
159
124
108
94
86
86
97
70
65
58
68
63
61
59
52
44
49
43
50
45
46
47
40
42
47
1411
59
57
44
47
42
41
37
42
35
23
28
32
23
23
26
31
24
29
28
31
1311
18
21
16
20
23
18
20
20
16
19
14
18
14
16
18
17
17
17
1344
16
20
14
15
5
4
3
3
3
3
4
5
4
4
2
4
3
2
2
4
1
1
5
4
4
2
5
2
1
3
4
3
4
4
1
14
7
12
14
10
12
9
20
9
9
16
12
8
2
6
4
8
4
9
5
7
5
7
4
7
6
5
3
7
6
4
3
2
2
2
3
2
3
1
3
4
2
2
4
6
6
1
6
2
1
1
2
0
0
0
0
0
0
0
0
0
0
0
0
0
0
0
0
0
0
0
0
0
0
0
0
0
0
0
0
0
0
0
0
0
0
0
0
0
0
0
0
0
0
0
0
0
0
0
0
0
0
0
0
0
0
0
0
0
0
0
0
0
0
0
0
0
0
0
0
0
0
0
0
0
0
0
0
0
0
0
0
0
0
0
0
0
0
0
0
0
0
0
