0
2
4
3
10
7
9
14
13
20
23
30
31
33
45
36
34
60
51
45
44
44
54
46
45
46
46
67
47
50
57
59
66
60
71
81
87
89
80
106
88
93
78
75
112
106
99
99
93
121
113
129
121
119
134
125
154
149
137
153
150
158
115
143
142
151
137
154
185
195
200
194
186
170
196
191
206
199
175
195
221
234
213
213
208
227
209
226
240
226
227
224
208
240
223
201
205
196
199
189
194
193
178
178
176
157
174
170
166
169
166
184
147
163
154
156
197
186
158
161
164
164
177
179
202
192
194
203
208
217
222
211
210
213
225
201
211
221
210
218
200
216
205
206
192
200
193
184
188
196
180
81
73
75
106
96
89
94
115
90
98
88
99
119
104
105
81
88
84
99
80
94
93
83
64
71
57
83
65
64
55
56
53
46
37
45
36
34
31
37
46
43
31
44
29
31
54
41
49
52
52
33
29
31
20
18
10
23
77
46
51
44
40
33
28
23
22
19
21
23
21
36
46
32
28
27
35
26
14
22
16
10
12
9
7
10
14
13
10
8
13
7
8
7
4
13
5
2
4
4
8
25
22
9
6
9
10
7
6
6
5
5
5
5
5
5
5
5
5
5
5
5
5
5
2
