1
0
0
0
0
0
0
0
0
0
0
0
0
0
0
0
0
0
0
0
0
0
0
0
0
0
0
0
0
0
0
0
0
0
0
32
34
81
75
73
70
74
70
77
61
65
70
63
79
66
90
94
79
75
80
77
88
121
124
133
1680
128
143
195
225
286
280
296
248
280
273
360
352
446
435
418
471
464
466
475
471
525
504
1617
446
445
409
428
400
431
408
443
505
574
539
520
461
492
486
1650
422
445
446
457
1626
398
1605
393
472
392
401
461
447
449
464
1627
525
511
494
1599
564
473
451
437
1604
446
405
406
347
381
366
486
574
373
372
408
434
444
1616
436
393
1602
417
379
1606
382
381
428
1602
424
401
1401
290
275
265
284
276
249
196
1292
157
138
147
153
1350
114
108
89
94
90
1358
46
45
28
23
25
20
19
14
20
20
13
0
3
5
0
2
0
1
0
1
0
2
0
0
0
0
4
1
2
6
5
3
8
4
6
7
5
5
10
13
14
15
4
18
15
11
6
15
12
9
4
1
8
9
3
7
8
10
12
9
7
1
5
2
1
5
4
1
0
2
0
1
0
0
0
1
1
2
0
0
0
0
0
0
0
0
0
0
0
0
0
0
0
0
0
0
0
0
0
0
0
0
0
0
0
0
0
0
0
0
0
0
0
0
0
0
0
0
0
0
0
0
0
0
0
0
0
0
0
0
