0
10
17
18
28
39
36
46
44
47
55
65
60
87
88
94
103
93
92
111
118
158
152
154
132
155
143
135
155
140
147
208
189
204
216
245
225
224
224
215
245
236
252
244
282
276
294
327
306
300
359
348
356
336
362
373
393
409
453
429
416
556
498
506
493
504
519
493
527
515
533
603
605
589
581
615
622
629
685
707
835
796
804
788
915
915
931
857
975
963
941
939
881
900
808
926
894
852
845
737
937
967
953
918
929
918
858
833
800
788
683
727
673
725
715
710
895
876
865
693
691
567
590
646
647
644
597
629
579
619
653
697
676
651
645
658
624
638
860
861
864
827
855
665
707
719
694
706
678
678
632
380
401
448
402
349
349
344
268
478
423
397
341
348
465
307
302
260
245
219
228
186
182
182
108
113
114
97
95
103
96
82
101
101
117
105
108
100
112
100
82
100
101
89
79
70
96
82
63
67
44
56
49
55
53
56
51
66
59
56
71
67
61
64
86
62
72
66
59
40
72
43
46
48
44
53
53
34
40
39
36
32
29
34
38
27
25
20
28
21
22
21
18
22
7
10
9
9
6
6
3
8
8
0
5
9
4
8
9
8
10
9
4
13
11
1
1
0
0
2
0
2
5
0
0
0
0
0
0
0
0
0
0
0
0
0
0
0
0
0
0
0
0
0
