0
0
0
0
0
0
0
0
0
0
0
0
0
0
0
0
0
0
0
0
0
0
0
0
0
0
0
0
0
56
0
54
116
53
154
141
100
99
131
170
106
148
179
157
174
152
187
176
165
209
254
177
257
278
306
360
402
431
300
445
509
340
510
533
404
637
497
561
444
619
441
553
510
699
617
514
700
527
676
460
550
643
653
531
564
659
705
721
580
959
415
547
1188
517
660
785
642
757
699
684
836
791
764
717
534
784
1161
523
725
1042
663
852
706
550
899
627
1122
468
1003
483
738
1068
544
663
866
985
426
949
531
844
986
638
582
1090
755
650
832
1000
603
742
782
827
558
1019
752
738
1057
582
704
1125
417
268
230
235
133
212
146
152
180
145
145
139
198
123
152
164
105
188
228
134
115
94
154
127
84
168
106
137
101
116
71
116
95
106
135
118
80
88
92
130
104
95
52
61
109
56
114
64
81
45
55
63
87
84
81
45
32
64
40
33
69
24
46
20
41
95
47
56
43
55
44
37
38
67
52
30
52
41
32
28
28
66
29
26
49
38
34
18
43
35
28
35
25
58
17
25
37
17
23
9
15
19
8
8
10
27
15
15
12
7
9
12
13
27
18
8
38
21
15
10
2
6
15
6
13
6
4
5
4
4
3
5
5
8
4
4
5
4
3
4
1
8
8
3
7
1
1
7
11
4
0
0
5
0
0
0
0
0
2
0
0
2
0
3
2
0
0
1
0
0
0
0
0
0
0
0
0
0
0
0
0
0
0
0
0
0
0
0
0
0
0
0
0
0
0
0
0
0
0
0
0
0
0
0
0
0
0
0
0
0
0
0
0
0
0
0
0
0
0
0
0
0
0
0
0
0
0
0
0
0
0
0
0
0
0
0
0
0
0
0
0
0
0
0
