0
26
23
26
19
46
44
46
90
64
63
58
62
73
94
131
128
151
184
203
189
192
195
200
181
191
235
254
237
234
256
249
268
289
288
280
315
318
325
345
386
459
440
536
599
639
656
722
766
721
880
913
983
1016
1030
1041
1252
1216
1253
1214
1275
1314
1312
1309
1300
1285
1309
1259
1140
1125
1224
1228
1211
1170
1207
1199
1033
1086
1065
1082
1162
1164
1255
1243
1180
1168
1127
1082
1053
1119
1178
1136
1132
1140
1100
1169
1077
1085
1094
1051
1079
961
975
972
925
899
934
949
929
897
883
879
860
858
837
865
895
889
987
979
961
939
1015
980
972
1140
1119
1125
1081
939
885
876
983
972
969
1019
1047
1063
1037
1033
1043
944
1088
1073
1045
1054
1004
1008
1098
1069
1128
636
619
570
520
461
448
439
439
437
402
339
353
345
336
304
287
284
276
235
237
241
217
197
200
188
179
204
162
152
140
152
135
152
162
133
127
121
112
154
159
150
140
139
130
104
125
109
104
106
105
87
102
97
85
77
84
75
81
79
65
70
68
54
68
71
84
70
90
56
64
48
56
47
60
43
32
32
29
27
44
30
20
56
47
43
42
26
32
29
27
29
25
26
28
22
26
13
22
23
24
18
15
21
19
30
28
12
31
17
25
26
24
27
40
23
25
20
34
25
27
23
16
26
20
13
13
11
8
6
7
7
7
2
6
4
5
3
5
6
7
0
5
1
5
2
7
2
1
2
0
0
0
0
0
0
