0
11
20
17
19
25
21
24
39
41
23
24
27
34
40
49
56
55
71
85
92
102
96
73
70
86
84
93
100
146
128
122
132
149
150
141
133
130
130
135
184
170
187
180
162
177
161
165
200
219
227
232
239
245
216
252
273
270
263
283
273
260
308
266
269
275
303
382
323
328
359
449
323
456
353
367
336
559
489
504
416
513
413
517
579
480
585
404
531
599
572
453
544
505
491
474
556
533
541
627
468
538
606
461
538
426
507
638
383
415
614
551
361
608
512
504
379
541
663
379
435
372
466
347
401
321
570
444
340
600
392
653
346
680
356
441
498
400
540
394
459
533
507
496
511
640
482
493
480
445
539
231
188
226
197
165
176
163
210
151
169
136
133
185
120
112
116
122
133
133
103
102
130
113
109
100
121
112
113
92
84
106
101
93
95
97
89
85
109
85
90
63
79
82
83
66
88
72
60
64
60
85
68
49
50
60
34
43
57
56
38
43
42
58
77
71
62
66
76
78
73
68
67
67
53
47
49
63
69
61
57
35
36
44
51
38
41
45
43
42
28
32
20
22
38
49
47
61
41
26
44
18
37
27
24
29
48
30
24
30
27
16
30
25
35
21
16
9
11
10
9
8
7
16
9
10
9
14
14
2
18
7
2
4
0
1
0
0
1
2
3
0
0
0
0
0
0
0
