0
27
22
52
39
67
67
58
74
48
80
66
90
135
121
117
140
142
147
141
158
195
209
190
198
220
209
220
224
222
211
240
222
242
249
245
259
267
272
315
312
333
334
383
396
416
438
434
529
587
520
633
636
676
667
758
840
710
775
859
857
904
932
996
1077
1091
1081
1198
1156
1327
1295
1314
1366
1334
1359
1465
1474
1535
1387
1610
1451
1595
1412
1481
1527
1601
1532
1616
1569
1570
1481
1617
1612
1532
1631
1597
1610
1572
1495
1569
1570
1543
1486
1527
1450
1477
1510
1509
1549
1515
1542
1444
1552
1478
1453
1470
1493
1454
1470
1492
1483
1481
1483
1503
1439
1506
1406
1412
1445
1433
1441
1447
1489
1453
1457
1523
1478
1446
1477
1439
1413
1563
1526
1507
1540
1542
1484
1527
1537
1533
1486
980
932
913
921
827
711
725
720
709
677
674
669
635
628
638
620
623
622
567
617
617
632
621
642
576
597
542
577
696
532
531
672
635
606
537
490
568
703
506
432
597
560
392
465
535
446
511
510
452
395
463
449
561
362
409
375
377
346
346
338
416
336
394
378
317
313
313
299
318
310
295
382
309
292
299
273
308
263
288
268
298
258
297
291
265
241
224
240
222
263
214
246
219
204
233
197
183
171
191
173
220
171
172
187
208
182
224
208
163
191
168
191
173
145
161
150
150
139
159
136
127
107
114
133
111
119
119
114
105
99
106
103
99
84
121
120
93
102
93
105
96
104
107
103
123
100
96
92
115
87
100
83
82
93
93
92
79
102
80
88
96
77
86
75
76
87
77
90
77
79
95
72
66
83
69
63
73
66
63
76
68
59
54
66
48
69
45
52
118
131
118
102
91
105
107
87
101
102
117
69
53
54
49
59
49
56
49
67
48
44
80
83
78
82
81
70
67
58
52
46
45
45
69
66
65
47
50
36
34
43
39
37
57
42
54
63
47
66
74
57
30
46
36
44
29
35
23
32
24
21
14
12
19
27
33
25
26
18
18
22
20
36
27
26
17
25
18
17
28
15
14
9
27
7
17
9
23
19
12
22
24
15
14
6
7
13
14
7
9
1
7
1
5
5
3
6
3
6
2
3
1
4
1
1
3
2
0
0
0
0
0
0
0
0
0
