1
15
24
28
38
33
48
50
37
70
53
62
63
72
74
86
77
103
118
123
106
111
99
116
137
137
120
125
137
138
146
138
152
210
200
194
184
205
195
209
201
227
237
210
249
236
269
246
241
1734
324
281
1702
354
288
1689
359
397
326
1627
420
355
1616
447
419
1640
430
1610
450
1582
457
1585
467
1598
440
1600
445
1588
435
1550
514
553
1530
599
642
1500
675
1474
661
1495
672
1453
694
1436
656
1439
762
1420
752
1389
719
1386
689
1399
700
1409
663
1398
645
1387
653
651
1411
658
661
1407
639
1352
641
613
1387
603
1393
576
1374
579
611
1381
602
586
1400
578
562
1384
587
1359
568
1330
544
1333
545
1349
590
1319
610
601
594
1340
607
1334
584
837
258
708
201
210
199
191
193
757
187
695
183
652
162
629
169
625
156
612
143
162
145
678
137
124
134
134
134
143
125
118
133
116
109
104
116
115
123
98
101
105
79
93
93
613
86
577
85
569
83
82
84
74
79
65
79
85
93
79
80
83
91
78
87
94
76
78
87
89
93
86
146
147
118
135
118
140
141
110
107
119
100
106
94
96
97
108
82
129
102
107
102
101
76
100
87
85
83
80
96
67
65
59
53
52
47
49
36
31
53
39
36
33
25
39
41
49
58
54
46
38
38
41
29
23
25
28
27
22
16
51
30
26
34
9
13
10
11
12
12
6
8
13
11
4
11
14
15
18
7
12
11
4
6
3
10
9
5
7
1
2
7
10
8
41
25
16
0
0
2
7
6
7
1
1
11
0
0
0
0
3
1
1
1
0
0
0
0
0
0
0
0
0
0
1
2
1
0
0
0
0
0
