0
0
0
0
0
0
0
0
0
0
0
0
0
0
0
0
0
0
0
0
0
0
0
0
0
0
0
0
0
0
0
0
0
0
0
0
28
30
30
34
27
89
73
31
29
63
29
87
43
25
101
93
64
50
122
89
66
66
131
106
101
149
128
136
265
121
179
195
248
159
225
232
315
235
258
249
309
270
310
362
249
350
271
343
383
257
494
360
255
310
437
302
546
260
484
373
348
378
550
310
413
510
332
552
344
520
408
520
472
451
383
412
659
384
413
607
556
462
602
358
374
821
371
696
518
348
581
516
773
369
566
529
447
566
436
678
465
744
500
594
511
524
479
651
497
727
385
457
597
543
745
131
115
80
106
133
64
104
83
116
79
48
58
94
43
45
74
34
95
98
68
54
53
36
83
74
49
64
61
94
38
51
76
59
75
99
39
50
45
46
65
64
39
49
74
19
46
24
74
24
28
24
34
22
27
25
27
26
26
21
30
20
31
25
32
24
26
17
26
19
29
26
21
14
24
27
30
16
43
36
52
18
12
7
16
19
10
25
20
13
12
22
16
19
10
6
15
15
8
26
13
4
6
2
10
5
10
0
1
9
8
8
6
2
0
3
2
1
1
0
3
3
2
0
4
2
0
0
5
0
1
4
0
0
1
0
3
2
1
1
1
0
0
4
0
0
0
0
0
0
0
0
0
0
0
0
0
0
0
0
0
0
0
0
0
0
0
0
0
0
0
0
0
0
0
0
0
0
0
0
0
0
0
0
0
0
0
0
0
0
0
0
0
0
0
0
0
0
0
0
0
0
0
0
0
0
0
0
0
0
0
0
0
0
0
0
0
0
0
0
0
0
0
0
0
0
0
0
0
