1
0
0
0
0
0
0
0
0
0
0
0
0
0
0
0
0
0
0
0
0
0
89
129
134
161
190
191
211
208
226
289
306
352
322
391
373
429
389
394
504
531
587
605
656
728
738
798
759
865
904
967
1016
1127
1049
1122
1401
1322
1366
1366
1349
1343
1361
1336
1406
1481
1463
1473
1464
1440
1431
1429
1453
1457
1741
1293
1380
1379
1418
1374
1359
1353
1327
1318
1298
1279
1208
909
897
921
876
1011
886
900
942
1033
1027
1108
1799
1144
1124
1092
1048
1033
1019
1023
1033
1036
1787
1018
1779
1032
1025
1029
1326
1337
1333
1292
1340
1312
1336
1688
1304
1288
1319
1301
1243
1267
1683
1360
1312
1344
1288
1208
1213
1353
1211
1225
1692
1095
1090
1131
1091
1741
1254
953
1270
1725
1143
870
837
627
574
527
443
1451
445
390
372
426
394
370
358
353
352
351
1370
318
1383
295
284
291
281
237
208
190
198
179
140
135
114
133
125
106
103
111
96
90
88
80
70
97
90
1426
88
79
89
105
84
85
86
81
1359
72
79
74
80
79
77
67
1339
69
85
85
78
85
1049
48
45
48
39
38
33
37
27
24
26
30
21
21
21
24
36
28
26
21
21
19
14
19
14
17
8
9
11
5
7
4
5
4
15
15
15
12
7
7
8
14
10
10
6
8
5
4
5
1
2
4
7
3
2
2
1
0
0
0
0
0
0
0
0
0
0
0
0
0
0
0
0
0
0
0
0
0
0
0
0
0
0
0
0
0
0
0
0
0
0
0
0
0
0
0
0
0
0
0
0
0
0
0
0
0
0
0
0
0
0
0
0
0
0
0
0
