1
6
9
18
14
14
23
18
16
22
18
16
13
15
15
51
53
38
59
52
46
50
50
51
57
68
52
55
61
91
80
97
99
82
80
66
52
53
68
67
72
76
76
91
105
73
77
72
75
71
70
80
64
88
94
88
89
118
140
135
122
130
140
131
118
132
155
140
156
154
146
133
173
162
150
147
144
166
156
159
165
183
169
176
210
216
217
165
187
179
182
199
213
207
226
224
215
239
220
220
215
201
206
223
213
178
171
182
177
203
183
192
185
195
185
198
185
200
187
183
206
214
195
195
186
190
182
189
187
181
203
184
178
178
180
166
155
168
168
163
186
167
164
203
192
200
240
219
241
204
199
102
86
79
77
110
79
99
87
90
127
108
133
107
124
104
115
113
130
113
127
145
151
113
155
134
140
106
101
71
87
97
79
102
81
78
97
72
55
89
61
92
67
60
70
65
65
46
53
42
33
50
29
26
25
24
25
32
44
23
21
44
28
28
15
16
14
39
52
51
37
48
32
34
23
20
32
36
16
18
17
19
49
36
26
34
26
53
30
23
29
27
44
29
31
44
25
17
17
19
15
16
16
21
19
18
21
15
8
9
7
20
22
19
16
11
6
8
5
10
16
15
8
10
8
6
1
5
10
7
4
4
4
3
0
1
1
2
1
0
4
4
2
3
4
6
2
2
1
4
5
8
5
6
3
2
4
4
3
0
3
2
6
1
4
6
0
1
2
2
1
6
0
0
0
0
