1
3
3
1
4
2
8
15
13
18
16
11
10
16
21
15
18
16
15
18
16
21
17
21
25
20
16
25
18
21
20
19
22
24
20
21
26
26
33
25
26
22
25
22
21
27
26
24
31
29
25
31
31
33
32
28
36
32
39
32
44
40
41
37
36
33
31
36
31
30
30
30
46
40
39
38
42
40
38
39
39
47
42
43
44
49
56
44
53
51
42
57
46
61
60
111
72
64
78
61
56
66
71
63
61
59
62
65
63
59
61
55
52
51
51
52
46
48
49
47
48
56
51
49
60
55
62
47
44
41
45
42
48
46
59
50
53
47
59
48
53
48
51
48
91
58
57
51
51
51
55
29
41
24
28
13
7
12
36
14
11
31
17
8
3
6
5
0
0
0
0
0
0
0
0
0
0
