1
13
12
17
18
33
36
46
51
64
55
104
124
113
124
116
112
121
120
137
108
113
155
161
171
151
180
154
197
206
206
213
227
273
1701
286
302
331
326
1614
397
381
420
1617
439
1581
513
1547
504
1577
480
520
1583
518
1535
525
539
514
515
518
553
1583
560
1556
579
1544
594
602
629
1530
612
593
1550
659
672
1482
692
651
545
720
940
1357
959
925
910
1348
941
1310
956
925
964
915
948
990
950
917
930
905
1036
1024
959
1055
1030
1030
1052
1274
1047
1011
996
988
982
950
959
885
873
883
822
885
840
912
871
1244
916
904
887
879
868
861
1250
950
943
936
1204
999
977
1058
1033
1002
971
984
798
804
898
879
858
876
795
780
776
783
1241
426
406
372
361
338
315
268
258
656
250
240
238
266
237
212
227
211
215
210
181
194
192
166
173
160
159
150
148
138
140
121
128
112
111
103
88
94
87
92
88
89
82
79
77
78
80
62
57
49
54
60
43
499
63
51
45
56
58
51
61
43
51
45
52
45
32
47
47
47
37
32
50
42
67
56
53
42
51
46
48
52
43
32
30
48
33
33
27
27
25
25
18
20
17
18
15
18
28
10
11
8
7
4
3
3
4
5
5
15
5
9
3
6
2
4
2
3
3
6
6
3
14
4
2
1
0
0
0
4
0
