1
0
0
0
0
0
0
0
0
0
0
0
0
0
0
0
0
0
0
0
0
0
0
0
0
0
0
0
0
0
0
0
0
0
0
32
34
25
81
32
25
1669
71
31
27
1728
78
20
26
27
1695
54
1660
40
36
1667
39
40
37
1678
33
43
1646
23
38
1616
50
38
1604
40
64
1604
25
1586
62
41
80
81
1628
90
66
1580
46
64
1587
67
1586
90
80
1674
48
1624
55
78
1606
55
1556
73
73
1658
49
1600
70
1632
54
1587
76
65
1593
75
1562
60
1521
62
1525
74
1548
52
1606
76
121
82
72
1686
94
111
1601
56
1593
92
91
1629
90
72
1598
76
1553
61
143
78
1604
63
1585
75
1572
55
78
1625
54
1577
72
5
5
3
2
2
1353
1
1
2
2
0
0
51
0
0
34
0
0
29
11
0
0
0
27
1268
0
0
0
27
15
0
0
0
0
24
0
0
0
0
0
0
0
0
0
0
0
0
0
0
0
0
0
0
0
0
0
0
0
0
0
0
0
0
0
0
0
0
0
0
0
0
0
0
0
0
0
0
0
0
0
0
0
0
0
0
0
0
0
0
0
0
0
0
0
0
0
0
0
0
0
0
0
0
0
0
0
0
0
