1
0
0
0
0
0
0
0
0
0
0
0
0
0
0
0
0
0
0
0
0
0
0
0
0
0
0
0
0
57
0
80
1739
83
1778
67
1698
68
1718
112
1721
135
106
135
1736
81
1715
79
1661
122
1701
90
1745
83
1720
119
113
119
1740
107
1733
101
1757
80
1762
129
132
1713
165
161
133
1695
129
112
1712
176
140
1704
169
156
1746
162
1688
161
1671
140
1657
160
228
1694
150
1659
166
214
1719
183
1640
178
1648
142
207
1682
191
224
1702
212
1653
199
149
1723
257
1648
189
1639
205
1599
266
1596
214
193
1700
282
1632
149
1651
182
1640
229
1617
181
239
1703
173
1643
191
235
1684
221
1663
264
1594
177
1642
142
1614
185
1599
156
1646
180
1679
66
41
1314
34
35
51
1303
32
29
25
27
40
20
32
1396
21
14
44
10
15
134
13
8
401
4
11
1013
6
6
27
5
5
1080
4
5
27
3
6
15
20
5
4
1156
3
2
1
1
1
0
20
1
0
1
1
0
0
0
0
0
0
0
0
15
0
0
0
0
0
0
0
0
0
0
0
0
0
0
0
0
0
0
0
0
19
0
0
0
0
0
0
0
0
14
0
0
0
0
0
0
0
0
0
0
0
0
0
0
0
0
0
0
0
0
0
0
0
0
0
0
0
0
0
0
0
0
0
0
0
0
0
0
0
0
0
0
0
0
0
0
0
0
0
