0
0
0
0
0
0
0
0
0
0
0
0
0
0
0
0
0
0
0
0
0
0
0
0
0
0
0
0
0
0
0
0
0
0
0
0
0
0
0
0
0
0
0
0
0
0
0
0
0
0
0
0
0
0
0
0
0
0
50
51
37
54
0
48
69
142
59
139
128
92
102
147
139
75
149
110
150
106
157
133
104
152
145
197
146
154
144
187
160
184
146
124
185
187
151
149
213
205
157
181
182
168
229
267
208
246
344
316
343
268
365
340
448
390
505
345
425
503
384
600
432
416
533
472
491
448
484
502
506
388
580
517
474
457
619
545
558
486
624
499
493
490
607
542
608
488
514
666
508
493
533
212
177
158
177
90
148
104
127
111
144
124
64
79
108
98
54
110
70
86
99
59
124
71
46
96
58
46
48
46
63
42
56
50
63
42
42
60
19
71
50
33
43
16
49
42
21
53
31
43
26
63
20
57
35
60
23
26
65
56
33
60
54
45
44
36
35
26
36
51
42
52
35
28
54
37
48
31
49
38
31
44
28
43
64
35
39
40
62
15
39
30
32
71
25
52
37
36
22
35
14
11
61
33
17
43
36
29
55
26
19
42
13
44
35
12
35
27
13
14
12
10
8
25
40
10
16
22
33
27
19
32
5
24
18
10
24
18
18
17
26
11
22
7
3
7
34
19
0
38
23
15
15
8
27
14
15
8
11
12
16
13
12
27
42
8
9
1
16
0
7
8
10
3
6
4
10
5
2
0
12
0
3
25
3
3
13
4
5
3
3
11
1
17
4
10
1
3
9
8
5
4
1
7
6
0
0
7
0
0
5
0
2
0
3
0
11
2
1
6
0
1
6
0
0
0
1
4
0
2
0
4
3
0
2
0
0
0
0
0
4
0
5
2
0
0
0
8
0
3
0
0
0
0
4
0
0
1
0
2
0
0
0
0
0
0
0
0
0
0
0
0
0
0
0
1
0
0
0
0
0
0
0
0
0
0
0
0
0
0
0
0
0
0
0
0
0
0
0
0
0
0
0
0
0
0
0
0
0
0
0
0
0
0
0
0
0
0
0
0
0
0
0
0
0
0
0
0
0
0
0
0
0
0
0
0
0
0
0
0
0
0
0
0
0
0
0
0
0
0
0
0
0
0
0
0
0
0
0
0
0
0
0
0
0
0
0
0
0
0
0
0
0
0
0
0
0
0
0
0
0
0
0
0
0
0
0
0
0
0
