1
14
17
12
18
21
27
24
46
38
49
54
62
65
83
67
77
84
77
100
97
104
134
146
135
141
145
159
1716
161
1699
174
1690
173
1698
192
1672
222
1630
250
1584
299
283
1632
313
1633
325
326
359
1626
329
343
1628
355
1601
374
1581
410
399
382
1602
413
1614
466
466
460
1563
530
1560
520
1495
552
1481
486
1486
473
1430
543
1447
620
1435
606
1425
565
1396
670
1385
677
639
1395
867
1329
736
1357
817
1338
693
769
1325
676
940
672
1328
630
950
861
1251
644
1262
663
1249
887
671
1252
638
1232
685
593
1280
580
661
1284
577
1279
602
1216
785
548
1268
572
1211
563
654
553
1233
563
1231
623
1206
605
1200
511
1234
616
1196
739
1155
712
613
1264
644
706
224
590
179
204
196
584
182
218
167
580
162
171
551
167
137
161
603
156
137
148
137
132
133
128
131
142
141
141
130
131
112
108
94
103
91
95
104
122
94
98
99
95
71
75
67
78
64
57
62
55
76
77
72
79
53
69
51
55
54
54
52
49
40
43
40
42
35
30
24
28
25
25
30
29
16
20
17
38
20
23
18
42
36
36
32
29
15
30
17
16
24
10
19
21
11
8
10
5
10
5
5
8
2
5
14
10
6
2
4
2
2
2
2
3
0
2
1
1
2
0
0
0
0
0
0
0
0
0
0
0
