0
5
18
28
22
40
28
31
26
62
54
58
74
84
78
100
89
96
91
91
86
120
122
123
122
113
131
110
131
135
123
135
135
149
148
146
166
180
183
178
166
191
188
234
238
294
293
310
280
272
252
251
248
264
271
267
292
259
300
294
266
295
275
310
308
298
309
326
358
361
368
355
424
418
446
457
484
442
446
451
468
428
468
463
469
461
478
484
482
494
500
481
583
590
606
607
604
624
616
608
647
630
595
599
541
545
548
550
585
571
571
547
567
542
571
675
683
718
681
695
663
663
636
617
634
621
658
670
668
662
659
653
656
724
704
715
669
687
816
777
791
817
814
813
890
845
818
809
796
806
798
499
479
441
455
433
406
436
441
394
405
387
401
507
528
451
376
342
350
328
330
324
347
344
313
539
443
440
412
413
260
319
320
314
277
262
257
253
252
224
273
232
228
210
181
201
187
181
169
180
183
163
152
139
135
133
146
138
138
126
157
163
165
152
220
200
209
169
154
112
106
119
103
101
97
93
105
102
99
90
98
95
97
91
93
96
69
74
70
77
71
61
65
46
62
71
66
57
43
32
41
28
39
56
45
50
59
76
45
58
39
39
46
39
32
48
36
61
40
43
38
35
45
22
32
25
30
19
38
55
32
31
25
27
29
31
27
19
33
26
31
44
23
39
57
37
35
34
36
28
36
27
24
35
23
21
31
30
31
20
23
42
33
32
29
28
27
23
29
16
12
19
19
25
13
22
14
5
8
5
7
18
13
4
6
16
16
13
13
15
8
8
33
19
23
24
23
17
10
2
1
0
11
10
4
1
2
0
1
0
3
0
0
1
3
0
0
1
1
0
0
0
0
0
0
0
0
0
0
0
0
0
0
0
0
0
0
0
