1
3
3
6
3
3
3
6
5
13
18
10
8
8
9
16
10
13
18
12
15
13
13
13
19
17
16
16
18
16
19
20
18
22
21
28
25
24
26
23
22
26
23
40
37
35
30
30
28
34
28
30
29
38
38
40
34
37
36
42
37
35
33
38
41
37
37
33
38
38
38
39
36
51
45
40
46
42
44
48
45
47
48
47
51
52
49
62
57
54
51
55
54
53
56
55
62
61
56
58
56
61
61
56
62
77
80
76
68
74
73
68
68
69
66
73
67
68
67
65
65
68
65
68
68
71
70
71
74
66
62
61
76
65
59
58
58
59
57
55
57
55
56
53
54
53
54
53
59
64
70
5
3
2
3
0
0
0
3
0
