1
0
0
0
0
0
0
0
0
0
0
0
0
0
0
0
0
0
0
0
0
0
0
0
0
0
0
0
0
0
0
0
0
0
0
0
0
0
0
0
0
0
0
0
0
0
0
0
0
0
0
0
0
0
0
0
0
0
0
0
0
0
0
0
0
0
0
0
0
0
0
0
0
0
0
24
0
23
19
0
12
16
14
0
13
0
0
10
0
0
12
0
0
11
0
50
0
0
15
0
0
0
0
14
0
37
12
0
16
0
55
10
0
9
10
0
0
0
0
10
0
0
0
0
0
12
0
13
16
0
43
0
17
13
0
0
8
0
13
0
0
0
0
9
0
0
19
0
0
36
12
0
0
0
0
0
0
0
0
0
0
0
0
0
0
0
0
0
0
0
0
0
0
0
0
0
0
0
0
0
11
0
0
0
0
0
0
0
0
0
0
0
0
0
0
0
0
0
0
0
0
0
0
0
0
0
0
0
0
0
0
0
0
0
0
0
0
0
0
0
0
0
0
0
0
0
0
0
0
