1
19
16
29
28
36
40
49
54
56
56
78
83
97
80
78
98
101
138
139
172
144
160
1884
224
260
289
1844
324
324
341
1823
392
1815
471
1807
503
508
1832
556
1819
607
1831
682
1770
629
601
1793
767
717
694
1769
766
757
1761
823
1775
973
1769
983
966
990
1709
1012
1042
1711
1075
1243
1206
1702
1453
1390
1470
1494
1465
1456
1614
1458
1469
1449
1460
1465
1434
1394
1379
1372
1345
1375
1359
1326
1340
1339
1315
1538
1389
1377
1366
1358
1362
1346
1362
1332
1254
1227
1234
1249
1216
1193
1183
1163
1157
1158
1145
1504
1233
1233
1230
1476
1248
1223
1226
1270
1259
1245
1235
1227
1463
1223
1241
1219
1223
1221
1229
1435
1246
1220
1166
1116
1477
1229
1229
1192
1217
1206
1111
1111
1123
1118
1121
1093
1105
586
548
503
502
468
463
457
554
533
509
420
517
541
502
463
458
342
336
334
327
348
849
281
261
355
317
297
310
771
304
312
292
277
276
278
721
282
266
257
268
253
248
247
228
256
231
193
148
153
136
121
141
151
140
150
134
132
100
102
96
89
94
645
109
119
126
98
92
87
81
80
103
92
79
75
91
88
109
83
69
69
62
56
72
65
51
88
68
61
83
66
77
73
67
54
52
59
48
46
52
49
45
38
30
37
39
22
23
18
29
25
25
24
19
18
23
22
29
23
23
19
22
20
24
25
28
30
23
22
13
22
15
17
22
15
11
14
13
13
10
10
13
11
12
9
14
7
9
8
8
6
9
5
7
5
9
6
7
8
10
8
10
6
7
8
10
2
0
0
0
0
0
0
0
0
