1
0
0
0
0
0
0
0
0
0
0
0
0
0
0
0
0
0
0
0
0
0
0
0
0
0
0
0
0
0
0
0
0
0
0
0
0
0
0
0
0
0
0
0
0
0
0
0
0
0
0
0
0
0
0
0
0
0
0
0
0
0
0
0
0
0
0
0
0
0
0
0
0
0
0
24
23
20
18
17
10
7
10
8
6
8
8
7
5
7
6
9
43
33
29
25
31
25
21
21
22
21
23
18
16
20
18
15
17
16
15
15
14
17
8
7
4
7
6
8
6
8
8
6
7
7
4
7
8
7
7
7
6
7
8
6
6
8
6
9
7
6
9
6
8
6
7
9
5
7
7
4
7
5
1
0
0
0
0
0
0
0
0
0
0
0
0
0
0
0
0
0
0
0
0
0
0
0
0
0
0
0
0
0
0
0
0
0
0
0
0
0
0
0
0
0
0
0
0
0
0
0
0
0
0
0
0
0
0
