1
0
0
0
0
0
0
0
0
0
0
0
0
0
0
0
0
0
0
0
0
0
0
0
0
0
0
0
0
0
0
0
0
0
0
0
0
0
49
40
43
55
162
161
109
160
173
178
118
220
263
1878
244
341
328
1873
337
311
1866
361
1862
323
1888
352
1884
366
1869
454
1917
430
1900
455
496
495
457
1847
478
1879
448
1849
501
479
423
1889
561
1897
544
1915
509
1872
493
1882
547
1862
574
1846
624
1870
588
570
1875
662
1878
649
644
1848
533
1855
695
1863
657
1852
580
1870
664
1861
573
1847
628
1833
534
1854
727
1849
661
1853
650
1855
659
1826
675
1827
676
1875
732
1823
628
1831
635
1808
628
1813
710
1842
631
1838
811
1833
726
1827
644
1552
294
305
1563
277
250
1554
313
1499
189
203
1514
170
210
1519
192
159
1290
178
1480
151
1453
144
159
1461
113
1449
111
136
119
1490
106
1463
87
103
1473
74
1440
87
97
1447
75
60
89
1475
69
77
71
1482
53
52
76
169
53
87
52
1484
45
49
1426
43
77
42
37
1484
39
57
37
39
1474
38
1431
18
22
26
47
1456
21
22
21
26
47
49
1457
19
28
1413
21
21
1386
15
1361
7
6
11
1325
3
3
21
3
7
27
1
2
0
24
1367
2
1
2
1393
0
0
26
1361
0
0
0
18
14
1362
0
0
0
0
17
0
27
1368
0
0
4
1312
0
6
0
27
1265
0
3
0
13
1294
0
0
0
14
11
0
4
1279
0
0
0
4
1268
7
0
0
0
14
0
0
0
0
13
0
0
0
0
18
0
0
0
0
0
0
0
0
0
0
0
0
0
0
0
0
0
0
0
0
0
0
0
0
0
0
0
0
0
0
0
0
0
0
0
0
0
0
0
0
0
0
0
0
0
0
0
0
0
0
0
0
0
0
0
0
0
0
0
0
0
0
0
0
0
0
0
0
0
0
0
0
0
0
0
0
0
0
0
0
0
0
0
0
0
0
0
0
0
0
0
0
0
0
0
0
0
0
0
0
0
0
0
0
0
0
0
0
0
0
0
0
