1
0
0
0
0
0
0
0
0
0
0
0
0
0
0
0
0
0
0
0
0
0
0
0
0
0
0
0
0
0
0
0
0
0
0
0
0
0
0
0
0
0
0
0
0
0
0
0
0
54
82
44
1810
113
1805
64
1812
102
92
1791
145
156
92
1803
114
1773
97
99
148
132
106
1819
109
1750
152
104
1751
135
102
1730
111
1753
143
1739
92
1748
115
1731
120
1789
166
114
962
112
1775
153
1763
108
119
1785
118
130
1774
153
103
1770
144
130
1754
119
1775
163
140
1764
155
1728
135
1761
135
1725
147
182
151
1771
137
1745
175
1747
211
1735
156
1723
178
1731
192
1700
169
1768
168
1737
184
1707
168
1720
198
1722
171
1722
181
1760
187
1464
56
58
1468
37
50
39
49
1468
38
38
1160
24
1348
22
21
17
24
17
39
1377
14
23
14
20
1373
9
7
5
39
1300
5
1347
3
14
2
6
54
23
1375
6
1335
6
3
6
3
1379
3
0
31
0
0
27
1342
0
0
0
20
0
5
1352
17
0
0
29
1290
0
0
0
0
1254
17
0
0
0
26
0
0
5
1250
0
0
0
1
0
3
0
0
4
0
0
29
1250
0
0
0
0
0
0
0
0
0
0
0
0
0
0
0
31
0
0
0
7
0
18
0
0
0
0
0
0
0
0
0
0
0
0
0
0
0
0
0
0
0
0
0
0
0
0
0
0
0
0
0
0
0
0
0
0
0
0
0
0
0
0
0
0
0
0
0
0
0
0
0
0
0
0
0
0
0
0
0
0
0
0
0
0
0
0
0
0
0
0
0
0
0
0
0
0
0
0
0
0
0
0
0
0
0
0
0
0
0
0
0
0
0
0
0
0
0
0
0
0
0
0
0
0
0
0
0
0
0
0
0
0
0
0
0
0
0
0
0
0
0
0
0
0
0
0
