1
22
19
18
57
59
82
57
85
81
85
105
123
109
97
143
151
163
175
179
181
189
166
196
183
192
207
194
195
225
245
272
293
269
289
253
276
311
302
294
289
291
277
278
302
297
316
366
351
411
386
429
455
1837
456
547
520
517
1833
592
569
556
1777
587
1761
604
1784
700
1781
710
1792
677
1779
680
1762
761
1761
824
1718
945
1710
886
1713
975
1009
948
1717
1033
1705
1034
1015
1707
1054
1680
1120
1648
1191
1654
1231
1685
1185
1644
1298
1214
1668
1269
1277
1250
1206
1608
1165
1615
1267
1249
1620
1395
1353
1595
1296
1576
1290
1597
1335
1596
1161
1602
1278
1245
1232
1197
1593
1277
1557
1339
1546
1325
1512
1342
1302
1296
1292
1505
1199
1549
1190
1532
1132
1541
1151
1138
1563
733
1007
719
650
622
1027
550
1011
542
1005
534
1010
518
994
582
960
571
936
472
908
458
886
469
844
445
849
471
489
474
469
410
424
390
403
421
403
385
334
327
307
344
312
256
764
301
273
272
735
257
228
224
205
208
241
223
218
219
205
212
228
222
183
196
162
175
163
172
168
161
597
168
169
168
173
172
169
577
141
160
156
144
162
147
145
134
141
131
149
138
122
126
117
115
117
106
123
136
119
118
115
115
108
115
111
108
119
117
101
93
92
90
98
78
78
83
73
79
74
58
63
74
60
55
64
62
49
71
72
75
75
65
55
69
67
58
64
57
53
44
44
53
44
57
49
47
59
56
59
52
44
45
47
65
55
48
49
61
40
52
38
65
51
44
51
44
49
62
53
29
37
33
33
35
41
45
37
45
45
48
41
40
33
22
21
26
23
48
31
40
22
33
20
25
19
18
17
16
12
20
12
11
9
14
18
14
24
13
23
11
11
9
12
7
8
6
5
3
6
11
6
4
8
6
6
9
2
4
2
7
2
3
1
1
0
3
0
0
1
0
0
0
0
1
1
1
0
0
0
0
0
0
0
0
