0
17
21
14
57
58
88
72
91
92
96
99
136
148
145
133
153
151
165
165
155
173
206
190
191
213
204
185
192
222
218
237
220
278
290
285
289
306
311
273
290
308
319
320
308
304
292
315
322
324
342
360
384
403
542
563
540
586
608
595
669
654
663
779
673
784
830
922
906
879
1049
982
1130
1144
1087
1201
1198
1170
1160
1126
1189
1200
1186
1109
1093
1068
1130
1259
1265
1103
1232
1332
1304
1282
1248
1358
1346
1349
1361
1377
1387
1348
1366
1216
1361
1408
1565
1515
1539
1503
1500
1509
1517
1505
1529
1443
1498
1484
1505
1504
1508
1494
1537
1484
1459
1500
1382
1480
1464
1453
1393
1467
1457
1458
1423
1298
1449
1390
1420
1309
1448
1409
1431
1396
1426
1387
1360
1387
1350
1296
1275
726
684
715
634
711
670
773
641
758
623
581
577
582
569
613
556
508
549
526
520
503
508
508
511
499
538
506
483
467
454
453
475
420
411
381
464
367
410
374
409
317
310
368
326
315
424
289
324
325
334
248
282
255
309
286
271
259
287
301
275
239
277
273
220
279
247
236
223
260
201
271
210
215
204
192
203
216
205
196
217
227
194
170
155
169
175
150
155
148
132
154
130
111
121
107
117
101
100
94
96
105
107
104
114
101
121
128
122
117
111
116
120
107
113
94
122
117
122
104
112
91
103
91
121
122
107
107
112
109
96
90
97
85
103
85
107
87
87
88
103
92
100
81
88
79
89
73
88
84
83
83
80
77
82
73
73
86
69
66
60
46
55
60
62
61
58
65
63
54
51
54
53
50
60
32
64
51
50
52
46
48
41
38
40
48
46
49
55
43
58
64
63
57
49
37
38
38
31
26
42
34
31
30
30
31
31
24
24
25
24
38
40
34
27
21
19
25
29
30
22
26
21
27
24
35
35
32
31
38
18
18
25
20
20
27
25
24
21
24
23
42
31
24
17
39
18
20
64
67
35
25
51
39
31
17
16
34
21
21
27
16
13
20
15
31
18
58
38
26
31
19
15
14
3
5
7
48
16
13
10
8
19
10
16
4
4
0
0
1
0
0
0
0
1
3
3
2
1
0
4
3
3
0
1
1
0
0
1
0
2
0
1
0
0
0
0
0
3
1
0
0
0
1
0
0
0
0
0
0
0
