0
18
29
23
43
29
34
48
39
42
58
66
61
97
75
103
86
100
124
133
176
168
186
177
153
174
166
191
175
213
232
247
220
273
274
294
264
287
298
310
287
300
298
293
329
311
325
323
356
395
435
416
418
463
449
427
444
485
523
534
546
566
599
571
678
623
680
662
684
750
870
887
936
966
979
951
908
952
972
982
1035
1023
1027
1087
1241
1238
1286
1280
1279
1392
1408
1392
1557
1549
1589
1538
1587
1554
1478
1465
1489
1480
1465
1536
1538
1566
1567
1517
1513
1511
1557
1536
1565
1543
1547
1503
1503
1508
1525
1512
1498
1486
1497
1501
1450
1488
1489
1485
1517
1474
1499
1473
1486
1474
1475
1443
1433
1452
1426
1435
1387
1433
1406
1434
1369
1390
1381
1386
1411
1427
1409
1002
981
913
919
933
898
914
868
864
845
840
718
765
751
711
703
702
659
649
651
643
603
692
619
620
589
567
532
543
517
509
523
515
501
502
419
424
411
400
399
418
447
461
441
438
442
416
375
377
359
360
345
349
336
335
331
314
311
321
309
296
314
293
292
252
242
242
223
205
208
206
234
258
237
227
205
235
227
187
198
190
188
174
164
170
163
154
226
211
207
186
172
168
166
159
128
112
95
99
101
88
103
100
79
83
76
79
74
66
69
59
59
76
70
63
58
59
72
58
57
77
67
74
56
69
83
73
92
60
82
96
101
81
85
90
70
88
108
84
124
119
105
101
113
103
104
99
92
86
73
87
75
74
70
72
77
74
58
67
58
59
46
69
59
56
53
39
41
35
35
37
33
39
25
34
32
43
30
34
34
40
32
44
27
29
21
23
14
24
10
30
17
24
20
21
65
28
26
42
35
19
26
50
48
34
29
26
22
30
24
21
9
8
7
4
1
2
2
7
3
2
3
2
0
0
0
2
2
0
0
0
0
0
0
