1
8
9
18
13
20
18
38
38
39
35
42
48
39
39
84
67
104
85
122
116
108
125
98
90
88
93
89
95
87
82
93
107
127
128
126
182
155
162
133
176
176
153
172
174
167
176
173
170
175
189
193
192
190
172
1395
236
184
1393
245
197
1375
194
1340
203
1354
213
213
224
1299
249
1257
234
1236
236
1185
242
1145
261
1122
305
1076
277
1059
302
312
1043
316
311
310
334
310
311
292
314
1048
346
989
327
976
351
298
324
295
982
307
301
988
304
278
982
296
940
304
312
966
314
315
949
292
314
948
300
919
281
341
912
368
321
915
306
348
340
321
329
311
315
337
315
318
325
325
946
330
935
260
931
261
917
273
896
85
83
491
90
67
78
66
67
67
460
71
385
67
62
62
58
60
51
75
59
56
63
58
62
66
431
53
52
41
48
40
45
29
31
35
42
26
50
34
43
30
35
32
53
35
30
33
18
19
12
19
16
15
10
7
15
7
17
15
16
9
7
4
7
7
5
3
2
1
5
5
4
6
9
9
25
8
6
2
2
2
4
11
2
3
3
3
5
0
0
5
0
0
0
0
