0
0
0
0
0
0
0
0
0
0
0
0
0
0
0
0
0
0
0
0
0
0
0
0
0
0
0
0
0
0
0
0
0
0
0
0
0
0
41
43
37
69
155
106
157
155
166
117
172
235
249
217
269
333
347
301
338
373
365
346
394
408
428
484
478
500
464
494
515
549
489
529
550
554
618
591
629
655
672
653
777
713
799
678
826
746
829
828
760
784
909
860
856
974
886
976
903
956
947
921
995
1017
1076
989
977
996
1018
1233
1065
1052
1314
1186
1022
1494
1246
1210
1485
1172
882
1389
1437
1426
858
1329
1632
945
1417
1500
1117
1200
1513
1013
1539
1293
1301
1005
1341
1406
1381
1003
1289
1615
1398
1261
1313
1559
906
1558
1350
1243
1328
409
610
439
435
475
431
388
493
402
398
317
393
407
545
301
356
420
368
395
327
350
477
228
244
377
230
381
231
274
273
268
267
210
326
216
175
173
209
210
257
220
185
227
221
202
210
180
159
192
161
215
155
183
231
176
188
187
136
215
209
173
159
120
191
128
157
165
125
195
196
175
177
138
116
159
183
145
156
96
137
125
146
119
173
111
126
110
192
164
94
222
93
141
165
79
95
136
43
85
42
120
83
58
45
76
59
149
70
66
78
74
95
98
104
60
79
65
62
95
48
85
69
74
85
86
71
99
60
47
118
76
66
74
171
54
70
107
64
60
56
78
88
51
88
59
58
86
55
68
32
94
54
43
73
49
45
55
42
56
60
62
73
65
96
50
61
27
32
62
59
37
30
59
26
28
51
22
49
44
24
24
37
45
51
51
42
39
36
74
28
35
16
22
28
17
39
25
41
37
22
22
39
14
24
14
25
21
30
30
28
31
30
5
16
20
25
9
13
17
11
30
23
16
10
32
26
10
14
23
13
13
9
15
13
5
9
3
12
11
10
2
4
11
11
10
18
12
14
8
7
16
4
9
19
10
10
0
8
6
7
4
11
2
6
11
15
6
6
3
9
7
3
12
2
4
10
7
2
6
10
6
12
4
2
7
1
3
1
2
9
3
4
4
3
2
4
7
2
1
2
1
6
6
0
0
2
1
9
2
4
0
2
0
14
4
3
0
4
1
0
0
0
0
2
0
5
0
2
1
1
0
3
2
2
0
1
0
0
0
3
2
0
1
3
0
0
0
0
2
0
1
0
0
0
2
0
0
0
0
0
0
0
0
0
1
0
1
0
1
0
0
0
0
0
1
0
1
0
1
0
0
0
0
0
0
0
0
0
0
0
0
0
0
0
0
0
0
0
0
0
0
0
0
0
0
0
0
0
0
0
0
0
0
0
0
0
0
0
0
0
0
0
0
0
0
0
0
0
0
0
0
0
0
0
0
0
0
0
0
0
0
0
0
0
0
0
0
0
0
0
0
0
0
0
0
0
0
0
0
0
0
0
0
0
0
0
0
0
0
0
0
0
0
0
0
0
0
0
0
0
0
0
0
0
0
0
0
0
0
0
0
0
0
0
0
0
0
0
0
0
0
0
0
0
0
0
0
0
0
0
0
0
0
0
0
0
0
0
0
0
0
0
0
0
0
0
0
0
0
0
0
0
0
0
0
0
0
