0
0
0
6
2
6
4
6
6
8
9
10
13
8
14
12
9
8
8
10
8
11
8
8
12
13
9
8
13
11
16
12
16
14
14
12
23
16
22
16
16
13
30
19
22
23
24
24
21
34
35
29
24
23
26
39
41
30
34
28
31
30
30
38
30
36
38
37
39
37
50
51
41
48
43
53
48
45
49
44
48
48
45
44
62
66
63
51
51
51
48
52
47
48
48
53
47
49
51
51
64
64
58
52
53
52
51
49
72
57
56
53
51
48
49
51
48
48
49
50
50
51
54
55
52
54
49
50
49
47
46
45
50
44
46
50
45
47
47
61
53
49
49
52
47
47
50
58
54
108
77
12
9
20
3
4
1
0
1
0
0
0
0
0
0
0
