0
11
16
11
19
20
26
53
40
49
58
64
73
77
75
77
87
76
75
88
105
107
96
113
134
148
126
132
125
133
135
156
167
174
177
173
180
218
226
216
235
237
262
288
311
290
296
307
330
351
402
394
380
396
394
409
402
419
400
434
420
473
465
563
555
593
580
482
598
584
599
590
574
579
595
556
579
665
676
637
692
843
807
806
798
861
837
797
870
877
845
975
946
994
904
965
1001
970
902
992
910
965
945
837
1000
927
921
943
936
934
932
917
922
1051
860
936
934
859
1106
874
1032
869
1133
1056
851
1275
984
930
1069
1106
1041
1261
914
1291
1057
1118
1136
917
1303
1066
1039
981
1117
939
1029
1120
953
1297
894
1157
974
527
583
480
526
555
444
498
418
495
559
397
440
426
492
448
478
439
429
415
430
372
373
398
380
366
374
370
410
365
377
345
336
337
302
322
337
280
303
279
320
272
312
233
296
218
274
280
248
243
244
276
312
263
228
294
293
289
315
271
244
257
241
228
265
235
237
234
219
188
175
245
235
218
230
221
211
198
211
203
229
214
207
217
265
226
255
224
227
208
201
213
202
278
213
178
183
182
151
157
146
122
127
131
120
116
143
139
148
135
139
118
106
96
89
100
84
85
90
123
145
78
77
77
75
80
93
87
72
91
80
82
81
68
58
62
76
82
70
88
66
70
119
125
109
103
83
75
93
86
73
73
66
75
87
87
67
76
74
62
77
67
68
68
85
62
52
73
50
53
42
44
38
43
45
43
73
92
72
62
65
74
77
73
68
60
51
55
59
52
44
40
50
26
28
34
26
33
36
47
35
44
39
41
34
34
23
31
35
32
27
40
23
34
34
34
33
36
35
25
29
25
30
28
28
39
25
25
38
33
34
27
10
15
18
15
24
42
28
28
36
28
26
23
22
18
27
27
53
29
30
25
17
8
10
9
8
6
6
32
13
12
10
11
4
1
1
3
3
0
0
0
0
0
0
0
1
0
0
0
0
0
