1
0
0
0
0
0
0
0
0
0
0
0
0
0
0
0
0
0
0
0
0
0
0
0
0
42
156
106
1804
108
1799
110
95
143
146
113
1737
97
167
133
1765
156
1732
131
154
1716
124
1787
114
1741
104
1710
154
1714
136
1758
148
183
1751
125
1752
198
1717
164
1745
177
1711
207
205
1757
203
1718
224
1676
180
1716
185
1688
283
1716
196
1712
224
1729
204
1714
192
1732
271
1686
269
1691
201
1692
332
1677
229
1720
190
1677
224
1681
250
1673
215
1665
233
1674
284
1684
230
1731
238
1672
231
1681
243
1685
236
1687
247
1658
222
1684
230
1707
193
1707
254
1673
257
1657
225
1683
277
1664
220
1680
247
1666
236
1663
204
1677
236
1657
272
1692
195
1687
281
1363
66
51
57
69
1326
52
41
74
52
1319
44
66
39
31
74
31
55
275
24
27
21
1379
22
19
44
32
34
19
11
36
1265
6
6
31
5
10
1208
4
5
6
21
17
1048
2
5
4
3
4
3
22
3
6
1
1
7
0
1
1
1
21
1
0
0
0
0
0
0
0
0
0
0
0
0
0
0
0
0
0
0
0
0
0
0
0
0
0
0
34
0
0
0
0
0
0
0
0
0
0
0
0
0
0
0
0
0
0
0
0
0
0
0
0
0
0
0
0
0
0
0
0
0
0
0
0
0
0
0
0
0
0
0
0
0
0
0
0
0
0
0
0
0
0
0
0
0
0
0
0
