1
22
19
12
56
61
45
39
55
56
64
59
71
66
86
78
88
97
105
96
110
107
103
120
133
133
120
145
153
156
140
173
169
133
168
162
188
181
181
221
224
209
228
210
208
224
232
270
302
324
319
361
325
348
353
352
369
335
358
370
1664
400
1610
448
456
1605
461
485
477
1594
532
541
608
559
616
571
616
1512
566
650
621
671
1517
660
1486
667
1515
648
611
1515
661
682
744
737
713
1483
782
752
779
772
1496
915
904
889
902
916
911
899
905
893
919
1410
914
880
893
1397
867
874
892
869
835
797
820
797
815
789
780
861
892
882
866
876
864
853
867
851
891
873
842
860
885
862
895
881
888
1318
927
970
1033
1046
1017
632
592
524
640
595
653
606
577
549
547
525
497
502
499
472
469
354
340
367
349
344
343
337
295
308
288
287
302
337
308
319
326
300
258
262
246
248
214
199
189
221
198
206
203
205
197
202
252
213
203
197
193
190
173
155
140
149
139
145
129
130
125
119
123
123
105
120
112
122
123
147
137
126
126
120
102
124
149
137
114
124
160
147
140
128
536
175
154
154
140
135
129
120
119
106
103
100
104
94
98
85
68
92
68
93
83
87
83
65
51
89
67
83
56
54
57
53
55
47
48
50
55
44
54
44
51
48
57
48
43
44
32
43
42
32
25
36
47
38
44
21
24
28
37
31
30
25
30
27
19
26
20
24
18
16
18
31
16
20
21
21
21
12
17
6
7
9
2
9
11
13
14
4
10
32
14
10
15
14
20
6
10
12
12
7
10
10
9
8
4
2
17
4
3
14
2
4
0
0
0
0
0
0
0
0
0
0
0
