1
0
0
0
0
0
0
0
0
0
0
0
0
0
0
0
0
0
0
0
0
0
0
0
0
0
0
0
0
0
0
0
0
0
0
0
0
0
0
0
0
0
0
0
0
134
129
138
81
146
136
185
142
1827
137
219
207
1835
182
1884
181
1876
187
1894
244
162
1822
219
317
282
1827
301
288
1861
294
1870
308
345
333
1838
349
1824
329
325
1852
337
359
347
1829
337
1831
315
1856
376
1852
353
1834
352
1863
379
1872
367
1838
364
1819
385
1829
382
1860
421
1845
363
1839
389
1807
373
1847
419
1814
362
1812
412
1822
385
1824
444
1797
416
1812
425
1804
424
1804
494
1780
423
1798
467
1779
435
1798
459
1836
470
1821
436
1838
455
1798
549
1809
211
1522
177
1588
160
164
1568
145
1152
127
139
1566
97
123
1534
98
265
81
94
1510
62
97
101
1524
75
1446
61
60
50
111
1481
61
1428
65
43
48
1491
63
1453
34
52
1493
37
39
1339
42
1375
30
32
45
61
1427
27
26
1423
11
20
1399
28
7
18
1418
24
3
6
39
1428
6
5
4
30
26
1391
3
7
4
9
1426
5
4
34
4
2
28
1426
4
3
4
1391
2
27
1
1
29
20
0
0
28
0
29
1331
0
0
42
0
1316
0
0
31
0
6
1313
0
0
18
0
0
2
0
28
10
0
0
25
0
0
0
0
0
0
0
8
7
2
0
18
0
0
5
0
17
0
0
0
0
0
0
0
0
18
0
0
0
0
0
0
0
0
0
0
13
0
0
0
0
0
0
0
0
0
0
0
0
0
0
0
0
0
0
0
0
0
0
0
0
0
0
0
0
0
0
0
0
0
0
0
0
0
0
0
0
0
0
0
0
0
0
0
0
0
0
0
0
0
0
0
0
0
0
0
0
0
0
0
0
0
0
0
0
0
0
0
0
0
0
0
0
0
0
0
0
0
0
0
0
0
0
0
0
0
0
0
0
0
0
0
0
0
0
0
0
0
