0
0
0
0
0
0
0
0
0
0
0
0
0
0
0
0
0
0
0
0
0
0
0
0
0
0
0
0
0
0
0
0
0
0
0
0
28
30
30
34
78
81
73
78
83
56
79
71
87
78
99
83
101
83
103
109
102
116
126
127
162
187
185
161
209
210
225
282
290
314
336
349
370
406
483
481
481
511
493
488
548
484
516
505
513
605
558
528
554
545
567
617
545
516
509
543
604
591
592
642
630
646
606
586
552
586
634
680
649
599
583
583
679
668
673
618
729
715
775
732
666
678
698
666
690
721
661
626
621
688
605
649
690
872
875
549
526
540
536
660
592
674
557
509
526
527
514
556
590
687
780
633
592
432
472
344
263
259
213
241
206
203
189
215
195
273
221
208
204
179
170
166
147
77
44
50
45
39
18
23
19
28
21
28
24
18
18
15
16
17
16
14
13
12
14
8
8
10
10
10
7
9
9
10
9
8
7
9
8
12
5
7
6
11
13
15
8
11
12
9
12
10
11
5
10
5
5
13
9
9
6
8
4
5
6
5
2
4
1
5
5
4
3
1
3
1
1
8
7
6
5
1
4
5
7
2
9
8
1
5
1
4
4
0
3
6
2
2
1
0
0
0
0
0
0
0
0
0
0
0
0
0
0
0
0
0
0
0
0
0
0
0
0
0
0
0
0
0
0
0
0
0
0
0
0
0
0
0
0
0
0
0
0
0
0
0
0
0
0
0
0
0
0
0
0
0
0
0
0
0
0
0
0
0
0
0
0
0
0
0
0
0
0
