0
0
0
0
0
0
0
0
0
0
0
0
0
0
0
0
0
0
0
0
0
0
0
0
0
0
0
0
0
56
48
49
115
124
145
136
140
144
144
161
178
172
178
185
162
189
194
204
200
209
296
283
310
326
391
487
586
632
632
632
645
639
636
659
696
709
762
831
782
798
874
840
853
888
865
880
903
834
855
826
831
968
981
993
893
891
1042
969
936
932
933
888
660
668
660
646
666
664
659
676
686
843
760
751
760
1095
1069
1050
820
918
946
822
992
812
756
772
901
825
757
696
699
708
832
953
971
943
869
871
848
831
810
845
917
901
1100
1085
1057
1038
1029
990
996
977
767
818
786
707
798
729
642
665
608
397
378
397
408
320
343
281
288
258
325
307
286
258
221
210
166
146
151
146
139
131
102
115
82
67
53
46
48
58
48
54
50
42
32
33
31
30
42
38
36
28
25
27
25
30
45
40
44
35
38
44
52
44
54
58
68
62
63
91
74
105
74
77
78
55
88
102
104
79
77
72
58
67
51
51
56
56
36
35
34
49
41
33
38
34
31
26
35
26
16
20
18
17
11
11
7
13
8
12
10
10
6
5
9
10
6
12
7
7
4
4
1
0
3
0
0
0
0
0
0
0
0
0
0
0
0
0
0
0
0
0
0
0
0
0
0
0
0
0
0
0
0
0
0
0
0
0
0
0
0
0
0
0
0
0
0
0
0
0
0
0
0
0
0
0
0
0
0
0
0
0
0
0
0
0
