0
25
29
40
47
61
72
76
85
66
77
81
98
106
91
90
87
115
119
146
200
241
331
385
353
434
439
443
472
542
562
589
684
722
755
785
805
932
925
1126
1141
1130
1336
1377
1365
1364
1244
1302
1318
1324
1547
1469
1477
1473
1481
1502
1468
1505
1574
1606
1595
1623
1623
1642
1632
1636
1623
1586
1579
1565
1582
1592
1586
1557
1574
1544
1562
1584
1560
1566
1550
1512
1495
1521
1494
1532
1531
1551
1549
1533
1522
1542
1528
1505
1517
1529
1498
1478
1468
1481
1461
1459
1446
1482
1485
1471
1466
1460
1451
1433
1455
1478
1473
1464
1455
1467
1466
1457
1453
1473
1453
1441
1456
1447
1451
1423
1389
1397
1393
1399
1391
1402
1390
1371
1485
1463
1441
1379
1409
1417
1410
1404
1400
1414
1397
1406
1392
1416
1399
1421
1413
837
826
811
792
795
799
795
768
750
749
754
707
698
704
672
667
631
612
589
584
593
522
511
414
392
386
363
363
372
366
342
328
323
313
301
311
300
292
315
312
294
298
287
299
286
261
260
228
206
199
188
215
191
191
180
175
183
160
164
161
161
189
211
184
176
167
171
162
176
153
155
167
172
158
139
117
213
156
161
143
150
130
147
153
146
173
160
131
148
103
117
113
112
90
113
96
92
93
97
88
87
89
71
70
73
65
91
71
80
77
72
85
73
70
73
82
75
65
64
60
87
72
68
61
48
44
46
55
44
42
41
52
41
44
34
38
42
31
27
37
36
27
32
34
35
38
46
33
24
39
27
34
27
24
21
21
29
29
29
42
31
25
14
20
12
19
11
18
21
26
14
22
9
9
14
28
25
32
17
10
21
8
6
4
5
5
2
5
42
17
10
3
3
3
13
10
5
3
3
3
4
3
3
3
2
4
2
3
3
2
4
1
3
1
2
3
1
3
1
2
3
1
3
1
2
2
1
2
1
2
2
1
2
1
2
0
0
0
0
0
0
