0
0
0
0
0
0
0
0
0
0
0
0
0
0
0
0
0
0
0
0
0
0
44
141
78
141
177
202
143
244
215
229
281
305
323
377
308
384
361
419
409
554
587
496
678
716
624
676
687
809
827
731
751
811
690
1063
778
1055
889
901
1022
1096
969
982
892
1259
1251
814
1152
969
1126
1324
958
1135
1031
1060
1044
1372
757
1505
1022
1480
814
1094
1435
1063
1160
1021
1207
1092
1150
1302
1178
1204
1266
877
1283
1123
1387
873
1432
1162
1471
733
1381
1002
1110
1567
808
1540
886
1480
946
1278
1116
1426
875
1312
1169
1609
656
1654
1031
1015
1247
1483
766
1326
1162
1606
661
1623
748
1609
1091
1154
1202
930
1622
825
1630
918
1520
843
1518
822
1342
1046
1321
1519
942
323
240
340
379
273
404
315
260
355
287
282
371
301
249
267
301
260
277
236
262
268
335
219
209
342
251
198
314
205
257
207
243
145
262
195
155
212
173
163
238
208
213
153
204
200
156
181
152
117
118
96
151
87
120
137
83
108
103
116
68
76
97
146
82
70
84
171
74
44
87
60
98
119
79
60
78
77
32
73
108
66
70
84
52
52
53
35
86
46
56
74
90
22
57
56
31
44
32
35
29
22
21
46
37
24
32
54
32
29
22
44
26
24
23
14
109
12
31
21
37
12
24
11
20
19
28
15
14
4
11
39
8
5
16
9
11
53
11
17
6
7
2
9
10
8
6
13
6
11
4
9
5
7
2
11
1
6
10
1
1
12
1
2
1
7
3
1
5
0
0
6
7
2
5
0
1
1
2
1
1
1
2
0
0
0
0
0
1
0
5
0
0
0
0
1
1
0
0
0
0
0
0
0
0
0
0
0
0
0
0
0
0
0
0
0
0
0
0
0
0
0
0
0
0
0
0
0
0
0
0
0
0
0
0
0
0
0
0
0
0
0
0
0
0
0
0
0
0
0
0
0
0
0
0
0
0
0
0
0
0
0
0
0
0
0
0
0
0
0
0
0
0
0
0
0
0
