0
0
0
0
0
0
0
0
0
0
0
0
0
0
0
0
0
0
0
0
39
117
146
168
125
221
321
328
302
359
385
445
423
493
514
510
537
608
636
664
665
688
827
895
842
757
1038
884
966
1042
924
1012
1000
972
1057
1110
1167
1466
1249
1232
1215
1067
1680
1085
1314
1503
1162
1358
1337
1061
1586
868
1696
1186
1310
1709
1318
960
1571
1357
1138
1565
1329
1299
1399
1425
1118
1550
1101
1500
1478
1330
1144
1620
992
1563
1537
1425
1183
1468
1252
1553
1366
1087
1740
1482
1053
1692
1016
1677
1401
1504
1175
1433
1557
1184
1156
1716
1349
1519
835
1692
1390
1428
1352
1670
1139
1265
1661
1143
1591
1557
1029
1408
1595
1056
1654
1463
1154
1409
1564
1478
1371
938
1662
1319
1631
1269
1388
1410
1333
324
434
598
353
362
406
327
337
313
407
487
279
406
368
304
374
325
352
375
362
337
295
369
287
328
371
253
270
440
321
267
289
363
330
247
244
288
208
277
301
216
248
163
312
157
248
155
138
164
135
146
222
62
209
117
277
78
202
149
174
77
154
91
144
109
82
138
94
77
145
103
156
102
79
159
57
125
111
158
57
88
86
65
119
63
58
73
96
48
92
91
91
90
47
48
53
69
67
139
90
47
24
47
41
69
23
40
58
52
43
41
29
43
53
55
47
29
31
20
70
33
21
33
31
57
22
25
36
36
19
7
15
47
22
8
17
23
14
4
12
21
8
15
18
8
6
4
14
11
2
5
7
11
13
10
9
9
4
21
15
2
6
22
7
3
15
3
8
4
11
1
6
2
7
1
3
7
6
6
5
4
3
0
2
4
3
3
7
2
2
3
4
1
0
3
1
0
5
0
0
2
0
0
1
0
0
0
0
0
1
0
0
6
1
1
0
1
0
0
0
0
1
1
0
0
1
0
0
0
0
0
0
0
0
0
0
0
0
0
0
0
0
0
0
0
0
0
0
0
0
0
0
0
0
0
0
0
0
0
0
0
0
0
0
0
0
0
0
0
0
0
0
0
0
0
0
0
0
0
0
0
0
0
0
0
0
0
0
0
0
0
0
0
0
0
0
0
0
0
0
0
0
0
0
0
0
0
0
0
0
0
0
0
0
