0
14
18
20
27
24
31
29
37
40
42
48
43
43
46
40
53
74
70
122
117
121
127
139
129
136
127
105
121
116
129
105
100
123
117
100
106
132
130
121
138
136
133
141
149
133
135
174
146
174
177
190
189
194
174
168
171
168
197
195
200
208
270
258
256
281
274
258
256
307
297
283
301
303
262
282
287
283
282
273
315
296
291
302
298
306
319
303
309
287
314
293
318
342
324
365
370
382
394
383
378
385
414
346
348
312
324
310
322
320
304
303
333
365
305
359
404
392
370
364
302
362
398
410
426
387
403
386
340
394
459
376
436
359
405
405
389
418
373
352
388
329
432
382
274
398
460
417
327
320
435
154
142
175
152
151
143
131
233
159
149
147
152
123
144
157
113
137
119
118
121
148
182
167
136
157
154
156
138
126
137
131
123
118
127
139
120
112
122
119
118
101
118
125
120
120
120
131
109
130
137
113
128
108
97
96
93
98
111
96
93
98
102
96
99
104
95
88
112
106
111
139
117
118
105
181
144
130
168
151
151
146
150
126
98
116
116
168
132
110
120
103
110
90
93
90
92
83
79
85
77
73
77
75
74
90
73
60
72
72
47
58
39
51
64
53
61
59
56
60
66
33
50
85
68
56
72
90
76
63
75
53
46
77
73
69
78
64
66
62
54
60
62
71
64
56
57
48
36
66
49
53
58
42
32
48
29
56
37
49
37
35
35
24
20
17
39
21
6
8
7
8
4
6
5
4
7
7
18
17
12
6
8
15
3
6
7
5
5
6
3
1
9
12
5
1
1
8
4
1
0
1
0
0
0
0
0
0
0
0
