1
0
0
0
0
0
0
0
0
0
0
0
0
0
0
0
0
0
0
0
0
0
0
0
0
0
0
0
52
49
39
72
138
146
134
145
144
146
144
154
157
182
168
175
165
174
184
179
169
218
209
251
257
320
420
519
524
554
528
614
631
655
639
655
672
685
660
776
854
860
898
881
953
877
953
939
1630
945
940
934
864
845
916
904
962
808
770
1118
1076
996
693
677
1660
645
565
555
532
549
526
630
618
588
642
1692
614
1676
653
631
1515
576
561
1671
552
1651
588
551
567
503
444
524
604
1675
572
592
572
1671
564
576
1659
545
1673
546
1671
515
520
510
533
520
489
618
592
676
804
1669
887
858
1636
699
703
685
1620
455
413
414
433
1332
281
267
262
255
262
269
1332
263
160
157
150
1357
160
133
114
132
1373
96
77
66
54
43
51
44
42
44
37
37
37
25
27
26
20
21
24
23
17
19
17
14
1359
13
11
17
10
12
10
13
18
19
17
19
26
21
20
16
5
5
7
5
9
5
2
2
1094
4
8
2
3
2
2
3
1
6
1
1
4
7
9
10
11
7
5
9
5
5
5
7
10
6
6
5
5
4
5
6
4
1
7
3
0
0
1
1
2
0
1
3
1
0
0
0
0
0
0
0
0
0
0
0
0
0
0
0
0
0
0
0
0
0
0
0
0
0
0
0
0
0
0
0
0
0
0
0
0
