0
24
25
41
43
46
49
44
40
93
115
120
115
116
120
139
101
93
112
110
126
182
219
295
335
373
419
486
462
514
564
542
644
674
739
837
868
895
884
1096
1225
1323
1067
1455
1348
1301
1183
1315
1264
1340
1465
1527
1282
1346
1656
1513
1634
1101
1682
1605
1512
1558
1399
1558
1432
1537
1517
1427
1565
1599
1437
1647
1537
1541
1597
1453
1652
1498
1566
1503
1546
1544
1584
1518
1615
1424
1596
1546
1540
1544
1538
1437
1519
1463
1423
1583
1497
1564
1528
1565
1518
1538
1482
1504
1465
1471
1493
1463
1525
1462
1424
1480
1469
1464
1492
1410
1471
1490
1455
1516
1454
1448
1516
1449
1414
1477
1467
1461
1452
1481
1445
1435
1475
1378
1505
1439
1437
1481
1362
1421
1432
1465
1400
1410
1383
1420
1420
1391
1329
1351
1365
750
822
677
730
668
684
572
544
627
582
534
602
573
552
501
573
501
507
499
494
463
470
442
463
444
454
424
417
434
393
390
398
386
385
339
342
290
290
307
314
304
283
302
331
254
284
239
275
244
224
246
231
227
215
229
189
198
199
196
214
195
212
189
206
208
189
183
193
191
173
176
175
176
179
165
171
164
145
171
161
150
134
151
127
141
135
124
129
110
118
107
130
101
108
109
101
105
95
98
106
106
94
101
87
87
86
80
77
86
69
83
64
84
70
74
74
64
68
65
68
58
57
79
71
68
73
76
79
72
62
62
58
53
49
48
45
44
64
52
52
45
50
52
48
53
44
42
52
40
42
39
38
41
34
41
31
33
37
29
70
46
48
43
37
29
41
33
33
31
39
21
40
26
28
20
34
31
28
36
26
31
20
23
9
13
15
18
15
34
16
12
21
8
3
9
4
8
6
5
13
25
23
18
12
10
8
10
2
1
3
1
2
2
0
2
1
1
2
0
2
2
1
3
0
3
1
1
3
0
3
1
1
5
0
6
1
5
3
0
0
0
0
0
0
0
0
