0
30
33
34
41
44
57
54
57
62
61
72
57
63
73
79
86
91
121
115
142
121
125
151
171
187
225
219
209
286
259
289
253
297
239
333
304
322
294
314
356
313
352
340
359
500
527
476
464
464
576
684
540
635
490
477
572
753
701
794
877
746
830
706
671
945
888
829
703
1010
1041
1069
874
953
946
926
1055
1052
1010
873
976
1113
965
1096
971
1139
1082
1124
1019
1050
1249
1046
1279
1147
1043
1168
1087
1065
1202
1052
1185
831
1190
1146
1104
1032
1110
1091
1091
931
1021
1121
1074
921
1011
953
999
1057
991
1049
1108
750
1130
996
1045
934
1067
1008
977
1002
885
930
937
794
1074
921
984
989
915
941
966
893
1004
847
881
920
854
850
785
912
893
336
322
338
350
289
294
304
253
255
350
221
338
239
241
240
330
236
307
217
178
169
284
155
148
140
142
157
143
147
168
130
215
124
125
114
117
120
128
124
107
114
107
105
110
97
89
90
102
74
77
79
83
79
91
66
91
71
72
66
82
80
72
68
85
62
60
48
64
49
62
45
52
59
44
45
53
39
45
57
53
43
53
49
48
68
79
50
45
79
49
62
53
29
34
34
54
53
35
37
55
53
44
43
37
36
44
37
23
34
43
41
37
34
36
66
26
28
30
29
24
23
57
34
35
23
32
20
20
11
13
18
14
20
27
21
23
21
32
38
21
19
16
11
3
1
1
1
2
0
0
0
0
0
0
0
0
0
0
0
0
0
2
4
1
2
0
3
6
5
3
6
