1
23
24
36
36
31
35
50
54
127
142
135
133
143
171
154
151
162
176
179
190
202
1928
285
1897
350
1874
447
472
496
499
512
1889
560
583
1863
605
1816
614
1847
636
1857
635
1844
726
1810
775
1814
897
891
1823
879
1806
951
1825
991
1820
1046
1792
1094
1762
1123
1733
1167
1739
1159
1713
1200
1699
1157
1723
1107
1713
1170
1693
1168
1691
1158
1675
1222
1207
1712
1231
1702
1270
1667
1242
1671
1250
1675
1221
1635
1375
1358
1640
1322
1630
1317
1653
1357
1653
1418
1617
1324
1625
1370
1615
1320
1618
1406
1600
1409
1315
1606
1387
1369
1603
1398
1601
1335
1587
1464
1409
1572
1447
1560
1425
1400
1572
1376
1564
1406
1531
1401
1538
1408
1439
1525
1428
1510
1432
1412
1517
1411
1413
1416
1407
1391
1515
1403
1491
785
764
685
636
891
596
566
831
481
807
480
771
476
736
474
474
737
447
701
427
654
422
408
397
404
427
388
384
733
357
441
368
714
361
333
683
335
328
694
279
642
271
276
662
236
617
230
203
204
618
177
186
540
161
169
164
204
187
148
557
136
147
116
537
120
465
123
99
93
106
93
94
97
105
83
101
93
97
94
85
89
104
99
82
101
105
97
103
93
87
81
92
66
83
78
79
84
85
92
115
84
90
100
102
119
116
414
100
90
85
85
79
384
70
67
59
53
52
62
63
62
49
47
59
69
47
61
51
45
51
42
48
44
41
33
34
26
36
23
41
37
35
27
30
27
29
24
27
23
28
15
26
18
26
23
21
19
28
16
26
18
39
25
28
26
27
26
25
12
26
8
15
10
9
8
2
3
13
4
9
5
5
5
1
6
2
6
5
1
6
2
3
5
1
5
1
3
4
1
5
1
3
4
1
5
1
3
4
1
4
1
2
4
1
4
1
2
4
1
4
1
2
4
1
4
1
2
6
2
4
1
6
3
0
0
