1
44
37
44
37
47
60
61
93
93
118
123
127
149
154
151
182
176
161
208
196
189
264
245
229
241
240
235
229
240
233
226
239
246
245
251
249
263
241
282
284
1824
347
345
346
384
345
386
365
353
416
1819
472
510
525
523
539
1758
543
1769
562
1760
590
699
653
1765
729
1763
802
832
860
1760
895
875
881
920
936
1725
911
966
969
1722
1039
1697
1081
1101
1704
1184
1050
1103
1100
1112
1082
1126
1668
1106
1181
1233
1658
1268
1645
1263
1206
1237
1650
1245
1674
1298
1295
1298
1285
1309
1287
1618
1301
1319
1356
1333
1356
1370
1384
1616
1354
1380
1371
1435
1441
1410
1585
1443
1432
1559
1469
1449
1447
1412
1483
1439
1416
1382
1384
1368
1378
1367
1378
1337
1311
1377
1361
1351
1336
840
823
814
816
786
783
777
750
755
774
709
703
716
719
696
677
673
667
674
572
546
506
497
669
616
584
580
576
565
549
526
494
509
477
386
399
382
356
324
318
322
324
307
313
304
280
281
274
277
270
257
273
266
255
236
253
233
248
291
275
244
250
255
236
239
234
190
195
190
185
187
171
175
164
157
160
155
156
163
165
155
157
166
170
151
154
151
164
172
200
199
176
168
150
135
143
120
133
110
100
98
92
92
101
103
102
104
96
112
100
107
83
109
147
126
125
133
129
146
109
107
101
82
86
80
81
81
80
87
66
71
89
92
85
75
62
68
46
49
55
57
60
56
54
40
57
41
49
62
34
50
62
67
35
52
36
50
35
22
22
26
33
26
24
38
22
33
17
30
23
29
46
33
29
27
29
42
29
29
17
18
22
18
15
19
15
8
15
12
13
33
27
21
14
16
16
12
11
11
11
8
25
17
10
8
17
12
7
13
12
11
12
7
9
7
8
6
5
7
4
3
2
2
4
1
1
24
13
11
2
7
4
5
6
4
0
0
0
0
0
0
0
0
0
