0
6
6
4
16
20
19
19
23
24
23
23
24
39
46
35
34
39
43
50
48
56
46
53
58
51
61
75
74
79
83
92
60
73
80
81
81
75
70
78
77
73
78
91
100
101
128
122
123
133
100
114
129
123
119
122
129
145
159
165
149
143
152
136
147
125
134
133
147
154
158
152
140
166
165
173
162
180
244
229
215
192
190
186
191
210
197
211
203
232
224
237
223
332
361
358
251
237
353
306
248
220
217
203
219
222
210
287
203
308
228
214
240
201
228
196
199
189
177
204
192
192
186
173
236
226
234
232
214
209
358
290
321
179
340
326
179
184
360
176
189
394
279
281
247
252
352
315
252
326
245
126
149
116
119
83
119
77
60
67
85
77
67
70
61
64
49
59
55
61
54
54
101
45
54
48
42
55
37
38
31
30
52
37
33
55
57
43
61
47
45
40
36
36
39
32
35
38
32
44
34
52
46
37
57
34
69
29
25
30
36
18
58
37
40
43
51
29
29
11
13
14
16
14
12
11
15
26
13
11
18
24
23
50
30
19
23
41
25
18
17
12
14
28
33
32
43
29
26
12
3
5
5
4
3
1
5
8
3
2
2
3
3
2
3
1
1
2
0
0
