0
4
5
6
4
4
4
2
10
10
14
9
12
9
12
10
21
20
13
14
13
14
16
13
17
14
17
13
13
13
16
17
14
15
18
18
14
13
18
19
19
24
20
22
18
18
20
34
19
18
16
17
20
21
25
17
34
29
29
38
27
29
24
27
25
28
22
34
38
35
31
27
38
28
35
31
33
35
31
31
36
34
37
41
38
37
35
39
46
42
47
43
47
44
42
41
49
47
49
45
49
47
52
50
44
41
45
42
43
38
42
38
37
47
44
39
39
35
36
41
38
35
34
43
38
62
41
63
59
49
46
47
42
43
40
43
42
43
48
48
41
37
33
44
35
36
46
34
41
34
40
20
19
11
6
8
5
6
1
1
1
0
0
0
0
0
0
1
0
0
0
0
2
