0
5
11
14
18
20
13
31
43
44
39
30
51
57
58
56
63
66
64
79
89
103
106
75
79
116
111
108
105
86
107
99
127
124
141
151
132
143
142
170
158
162
155
155
153
166
161
159
157
166
175
197
228
203
218
262
272
291
249
250
267
260
253
274
276
278
291
300
279
273
272
299
297
283
297
346
322
376
366
353
379
363
373
353
318
351
325
337
308
346
319
375
353
361
358
363
394
404
413
449
410
448
401
381
365
367
359
372
362
354
374
353
338
338
317
328
326
338
351
354
404
433
409
398
355
399
385
411
415
430
442
505
469
458
450
414
402
477
473
553
492
502
503
533
529
503
498
463
482
437
435
241
252
187
193
191
180
175
189
189
167
189
189
169
175
185
169
151
177
173
152
143
153
122
169
157
155
154
134
145
112
117
140
130
134
139
182
148
146
126
133
130
117
158
115
127
122
107
106
110
99
111
112
79
76
108
99
142
156
167
167
170
172
160
176
146
156
142
156
162
145
124
117
117
101
66
80
83
112
98
86
68
74
70
62
65
56
83
69
65
65
51
47
55
47
52
39
36
41
34
47
53
50
94
85
77
66
40
86
38
45
42
33
51
33
44
54
38
39
40
35
43
37
37
33
33
45
36
38
101
66
59
56
62
35
51
61
50
44
32
30
26
21
66
60
70
45
31
24
23
21
14
16
13
10
7
10
12
14
14
16
6
6
4
3
3
2
6
7
5
6
6
5
8
6
4
6
7
6
5
6
5
8
5
4
