0
10
27
45
12
35
54
49
41
37
44
48
50
100
105
101
86
97
94
102
123
127
143
125
134
144
161
147
161
156
176
159
156
170
166
170
162
189
195
198
209
206
211
231
229
228
258
257
279
321
298
316
247
265
292
265
274
296
284
283
275
278
291
334
300
352
308
294
309
304
339
349
350
355
360
359
382
430
408
423
418
468
523
491
515
546
555
563
548
560
502
521
539
508
535
480
542
535
548
532
545
539
501
526
504
531
518
515
486
532
509
633
614
496
642
528
604
488
508
631
521
631
537
592
502
617
492
464
661
577
663
516
499
582
642
651
568
509
585
495
514
569
576
544
555
500
563
480
610
540
677
296
291
340
307
304
333
254
278
276
258
247
249
227
198
229
238
220
210
215
229
222
188
239
209
281
203
232
233
243
245
256
235
243
226
212
224
188
217
191
184
207
175
203
191
193
248
216
219
205
241
220
220
225
237
206
210
217
202
208
206
180
205
242
193
184
219
212
185
176
190
174
169
194
258
178
245
205
180
170
161
206
147
156
188
137
132
126
117
153
118
131
117
190
156
134
112
93
96
119
96
129
108
113
138
186
175
155
147
161
144
145
144
133
144
120
129
124
127
82
147
122
126
77
59
75
71
76
75
72
73
101
71
66
80
77
84
81
98
77
120
114
100
116
75
89
92
68
86
72
65
61
47
47
46
38
50
34
30
31
47
42
36
33
42
30
31
29
33
35
33
32
36
36
27
46
45
38
33
29
36
30
30
32
38
38
31
41
30
32
23
36
62
58
59
45
74
59
55
46
36
51
53
53
33
31
50
38
39
40
28
50
41
51
36
54
52
55
57
38
25
22
25
7
24
21
28
43
28
25
53
51
39
33
50
49
40
49
45
39
54
40
39
41
30
27
18
12
13
8
6
12
13
10
3
6
22
7
13
6
8
0
0
0
0
0
0
0
0
0
0
0
0
0
0
0
