1
9
14
15
14
24
26
30
19
33
41
31
58
93
94
82
86
90
86
82
105
111
113
129
141
135
145
138
142
132
137
158
185
159
175
154
162
176
159
173
183
205
205
210
190
198
199
207
222
217
257
270
235
240
290
243
283
263
276
265
272
282
275
272
273
259
245
278
280
283
278
274
259
252
302
307
316
298
351
304
369
341
308
294
328
318
315
305
324
316
326
346
347
323
332
339
367
375
382
362
374
367
392
370
355
371
380
360
361
370
374
355
330
335
358
333
384
1175
407
401
329
1130
330
340
1118
340
329
1124
349
1115
364
1079
366
351
1097
372
1068
368
1059
394
427
432
1047
399
382
452
454
1007
453
1029
480
650
156
131
582
132
187
177
163
156
155
156
139
165
122
115
98
99
95
94
93
132
112
122
146
140
117
108
132
122
115
116
99
101
95
93
84
70
101
96
80
67
71
61
62
70
68
63
61
63
41
64
40
50
44
54
46
48
38
43
34
47
44
29
43
40
31
50
38
39
63
44
28
38
63
61
50
41
45
43
41
31
35
46
46
28
31
39
33
46
41
48
40
28
26
41
17
14
16
20
17
19
19
34
27
38
27
17
15
51
24
27
34
24
16
10
15
11
14
11
4
7
6
5
4
3
1
4
4
4
3
