0
2
6
3
3
1
1
7
13
6
18
8
16
9
10
9
8
11
17
10
10
11
15
12
11
11
16
14
20
21
15
18
17
15
19
12
17
13
15
18
23
24
18
22
23
20
21
22
19
20
20
22
26
22
18
25
33
26
25
26
25
25
40
29
56
50
40
36
35
41
36
39
45
44
39
45
39
38
38
38
37
37
40
37
36
54
46
44
40
45
45
47
50
53
51
50
59
59
82
70
57
54
55
51
54
54
51
65
52
56
54
55
50
60
62
58
58
54
51
49
56
49
46
48
75
61
69
60
60
57
53
54
51
59
73
59
68
57
53
58
53
47
45
49
49
46
46
63
56
59
51
8
8
4
6
2
10
3
20
8
15
11
5
2
1
0
6
5
3
1
0
0
3
0
0
0
0
