0
14
19
21
23
29
26
28
56
82
76
80
71
86
109
96
99
98
122
138
113
109
120
117
142
139
146
205
206
202
198
215
182
202
222
207
251
251
271
273
282
320
301
312
318
302
278
274
317
310
322
329
343
354
342
347
363
376
352
350
380
367
382
388
427
435
409
424
405
460
379
361
389
394
401
427
420
459
500
469
521
454
474
514
533
550
563
610
684
697
695
701
715
695
778
792
842
895
1011
939
933
912
951
1010
1026
995
1017
974
1016
903
878
800
912
891
924
1011
931
784
750
784
751
795
752
765
803
766
828
792
862
839
954
929
961
946
1061
1057
1015
1018
1145
1024
973
998
1036
1065
1143
1120
1106
1116
1109
1101
1050
752
739
734
709
648
636
636
627
596
606
594
557
576
564
535
527
557
521
509
537
514
421
406
388
417
404
381
359
341
330
327
347
347
348
312
297
320
329
383
358
363
344
366
345
316
300
324
310
313
323
302
301
297
248
222
225
222
205
198
184
179
186
187
185
167
166
183
166
160
162
162
171
151
139
167
179
161
154
159
151
145
141
142
148
143
130
127
118
130
108
104
150
113
111
105
100
102
80
82
76
74
63
73
74
61
68
72
68
67
60
64
54
50
60
53
60
51
40
41
51
40
55
43
52
44
59
46
40
48
43
60
49
60
57
73
56
51
64
66
52
67
52
58
68
47
74
68
49
52
41
38
36
23
30
29
30
39
41
36
38
24
19
14
14
24
38
51
50
43
36
28
36
36
37
27
34
26
22
26
21
31
29
25
23
17
23
32
24
17
23
29
23
27
27
20
15
20
20
12
13
9
14
16
36
24
18
21
33
30
21
22
14
13
12
15
15
27
13
10
10
9
5
11
9
4
4
6
9
7
13
5
5
3
5
1
2
1
5
1
0
0
0
0
0
0
0
0
0
0
0
0
0
0
0
0
