0
14
14
41
81
67
71
70
68
73
68
94
93
94
101
117
138
179
178
185
150
163
177
163
216
205
237
231
317
303
276
338
333
304
331
345
316
335
325
358
417
426
416
470
430
490
513
526
514
547
572
583
586
690
689
697
741
776
885
892
883
915
946
952
966
961
1062
1028
1107
1062
1059
1178
1125
1139
1140
1156
1167
1188
1190
1198
1256
1241
1216
1214
1376
1370
1402
1415
1346
1526
1516
1476
1489
1452
1491
1522
1465
1636
1595
1637
1600
1634
1596
1582
1598
1620
1623
1616
1595
1608
1602
1592
1620
1620
1634
1652
1603
1674
1617
1613
1616
1594
1598
1570
1575
1584
1556
1551
1533
1532
1533
1524
1516
1532
1509
1520
1500
1496
1503
1495
1523
1525
1535
1515
1482
1469
1481
1456
1479
1447
1429
978
953
948
974
994
979
987
986
958
961
948
951
943
910
877
865
823
810
770
774
754
772
746
725
722
722
693
704
789
758
734
746
727
723
710
694
672
660
665
647
625
619
629
616
576
549
537
529
500
588
536
514
519
532
502
427
406
423
441
419
418
404
386
364
384
371
371
316
292
310
298
285
266
267
254
258
235
219
209
223
207
203
214
215
198
205
195
223
206
205
188
161
170
160
174
164
157
184
177
170
180
205
192
194
201
185
180
181
167
170
168
176
166
168
154
147
123
115
114
149
135
130
138
124
121
119
104
115
114
103
102
162
138
113
113
120
95
90
82
71
85
88
72
78
64
63
52
56
68
53
61
60
49
44
38
40
60
32
42
34
35
38
34
38
26
21
36
26
31
22
19
16
60
40
35
31
31
43
48
44
51
24
28
39
22
28
20
19
18
16
18
11
15
15
19
34
30
46
35
46
38
39
38
28
25
23
19
16
13
11
21
10
4
36
8
12
13
7
7
0
3
5
7
5
2
4
8
2
3
1
2
3
1
3
1
2
3
1
3
1
2
3
2
3
1
2
3
1
3
1
4
3
1
4
1
2
0
0
0
0
0
0
