1
0
0
0
0
0
0
0
0
0
0
0
0
0
0
0
0
0
0
0
0
0
0
0
0
0
0
0
0
0
0
0
0
0
0
0
0
0
0
0
0
0
0
0
0
0
0
0
0
0
0
0
0
0
0
44
0
57
0
53
0
50
1778
37
113
50
1792
87
1700
94
1753
128
99
124
1750
60
1764
95
80
1717
115
1702
102
101
1717
145
1730
86
101
1728
136
1729
97
1728
76
120
1691
128
1656
118
106
147
1750
76
1710
102
115
1707
99
1734
86
1723
112
1752
70
1712
113
1767
117
1747
124
90
1772
116
1743
123
120
1739
103
1702
136
96
1714
142
135
1731
123
1677
154
152
169
1714
122
1694
103
1706
135
1663
128
1693
148
54
47
1453
30
25
29
27
25
48
27
59
15
13
14
26
1422
12
3
1470
4
2
27
1
1
33
1395
2
2
0
34
2
1
31
1
0
3
1423
1
1
25
21
0
0
27
1382
0
0
0
0
28
0
5
0
24
18
1347
0
0
0
18
0
0
0
23
0
0
1314
0
0
0
18
15
0
0
0
0
22
17
0
0
0
22
0
0
25
0
0
4
0
20
0
0
6
3
0
6
0
0
0
0
0
23
0
12
0
0
0
17
0
0
0
0
0
0
0
8
0
0
0
0
0
0
0
0
0
0
0
0
0
0
0
0
0
0
0
0
0
0
0
0
0
0
0
0
0
0
0
0
0
0
0
0
0
0
0
0
0
0
0
0
0
0
0
0
0
0
0
0
0
0
0
0
0
0
0
0
0
0
0
0
0
0
0
0
0
0
0
0
0
0
0
0
0
0
0
0
0
0
0
0
0
0
0
0
0
0
0
0
0
0
0
0
0
0
0
0
0
0
0
0
0
0
0
