1
25
19
53
55
91
93
72
77
75
81
75
87
95
110
117
137
167
162
178
207
168
171
166
148
181
191
189
227
204
236
239
230
269
265
284
274
296
303
296
415
421
418
400
1880
444
1884
501
543
1871
507
1850
568
575
1855
590
1877
783
732
1839
799
1830
860
1813
895
928
1815
960
1804
1003
1780
982
1822
1032
1800
1056
1788
1013
1787
991
1770
1003
1809
1021
1782
1077
1099
1808
1085
1773
1167
1748
1237
1751
1220
1731
1200
1737
1380
1397
1249
1383
1393
1339
1718
1365
1332
1196
1165
1732
1206
1178
1730
1163
1686
1189
1718
1245
1220
1711
1342
1689
1242
1210
1706
1194
1178
1697
1208
1695
1308
1672
1199
1241
1671
1238
1219
1212
1220
1237
1212
1682
1202
1197
1360
1253
1660
1327
1310
1273
1649
913
720
1207
739
705
1158
713
1159
680
1151
629
733
613
1103
541
1093
552
1073
469
576
448
429
1074
383
1043
389
425
421
488
383
1021
427
381
416
359
994
461
415
957
366
886
404
840
381
819
346
367
812
331
321
309
292
842
300
301
459
421
412
444
380
399
322
301
314
284
284
257
738
261
230
257
234
707
227
245
225
245
240
218
237
233
219
748
217
687
217
220
701
205
202
192
183
182
186
700
169
165
138
165
165
180
154
660
145
136
633
124
153
136
139
139
132
136
153
134
117
136
113
122
645
108
110
116
175
165
152
121
95
118
120
120
108
116
118
109
92
85
85
85
100
97
95
94
85
81
91
86
75
81
77
99
92
92
94
77
81
88
74
85
71
76
63
57
61
61
68
62
72
76
67
64
61
55
62
57
52
48
48
52
49
42
55
44
34
46
48
46
40
36
25
42
31
33
30
22
44
26
22
22
24
18
23
23
23
18
17
12
15
38
26
17
18
20
18
29
21
20
27
23
21
23
28
16
10
16
11
11
6
8
6
6
2
3
4
3
3
3
2
0
2
3
0
3
2
6
3
3
0
0
0
0
