0
0
0
0
0
0
0
0
0
0
0
0
0
0
0
0
0
0
0
0
0
0
0
0
0
0
130
158
142
146
130
137
128
163
163
169
166
194
168
181
196
176
231
231
234
236
269
277
268
372
398
530
523
553
612
655
706
710
791
801
777
843
888
1020
1080
1067
1104
1085
1125
1129
1107
1071
1251
1196
1227
1241
1219
1197
1167
1158
1129
1132
1113
1122
1129
1312
1158
1060
1025
980
599
652
609
556
743
733
651
621
714
571
573
581
735
691
501
512
579
601
784
900
868
836
857
708
1107
1086
1172
1194
1190
1098
1121
1330
1289
1206
1149
1051
954
933
924
1085
1082
1088
1101
1083
1021
1235
1275
1196
1191
1210
1050
1054
1043
1028
926
891
901
900
780
728
724
646
429
389
397
407
394
348
339
340
306
310
277
272
226
220
201
197
201
224
201
185
183
148
136
115
80
94
99
92
83
69
87
82
88
66
79
66
67
53
64
68
66
57
62
62
61
63
53
47
59
45
42
42
46
35
37
44
35
34
60
53
47
44
17
21
29
21
17
24
26
28
22
33
32
29
25
37
37
35
31
27
24
22
25
22
20
18
19
26
19
20
29
20
21
19
14
19
8
11
8
9
7
8
6
7
9
5
3
6
7
4
6
4
0
5
1
1
0
0
0
0
2
1
2
0
2
2
3
0
0
0
0
0
0
0
0
0
0
0
0
0
0
0
0
0
0
0
0
0
0
0
0
0
0
0
0
0
0
0
0
0
0
0
0
0
0
0
0
0
0
0
0
0
0
0
0
0
0
