1
0
0
0
0
0
0
0
0
0
0
0
0
0
0
0
0
0
0
0
0
0
0
0
0
0
0
0
0
0
0
0
0
0
0
0
0
0
49
40
43
55
162
161
155
159
173
178
164
219
263
262
340
344
343
338
345
355
364
382
383
417
476
479
498
482
498
527
503
500
517
514
610
621
623
587
644
660
670
791
792
828
796
840
834
897
893
916
897
966
990
954
1034
983
1049
1036
1091
1079
1096
1392
1424
1450
1432
1448
1432
1404
1395
1421
1460
1434
1439
1449
1109
1164
1165
1152
1530
1542
1520
1503
1531
1568
1545
1572
1532
1595
1512
1545
1557
1526
1532
1523
1538
1499
1530
1502
1513
1506
1490
1489
1541
1528
1525
1548
1537
1557
1568
1556
1559
1543
1574
1309
1266
1235
1251
1212
1224
1184
1204
1161
1150
1097
1013
1027
963
685
693
683
647
668
619
541
1450
582
551
558
546
543
520
502
501
488
491
505
474
463
456
453
449
422
396
380
328
313
301
303
275
249
1459
253
225
225
211
196
196
1451
185
194
180
176
188
183
184
173
186
175
167
157
1409
146
127
123
115
104
107
91
100
98
101
91
66
79
63
58
63
58
69
53
67
1435
60
61
55
52
50
42
45
1422
40
47
36
37
37
30
45
31
34
31
26
25
24
29
21
24
28
16
22
21
19
15
19
18
20
21
15
18
18
17
15
24
23
23
26
21
23
31
25
19
21
31
20
25
20
19
14
22
21
19
15
21
8
9
11
14
7
5
6
6
9
7
14
9
9
10
13
12
9
14
8
13
16
7
12
11
16
11
6
10
8
9
6
10
7
6
6
4
4
6
3
4
8
4
8
5
5
5
5
2
6
2
6
4
7
8
2
4
1
1
1
0
1
1281
7
11
6
4
7
3
4
3
8
5
4
4
3
4
2
4
4
3
2
3
5
1
1
2
3
1
0
0
0
0
1
1
0
0
1
1
0
1
2
0
1
0
1
0
0
0
0
0
0
0
0
0
0
0
0
0
0
0
0
0
0
0
0
0
0
0
0
0
0
0
0
0
0
0
0
0
0
0
0
0
0
0
0
0
0
0
0
0
0
0
0
0
0
0
0
0
0
0
0
0
0
0
0
0
0
0
0
0
0
0
0
0
0
0
0
0
0
0
0
0
0
0
0
0
0
0
0
0
0
0
0
