1
0
0
0
0
0
0
0
0
0
0
0
0
0
0
0
0
0
0
0
0
0
0
0
60
37
154
151
143
135
134
149
137
138
165
175
177
171
177
187
184
173
174
198
226
247
263
272
379
359
487
487
533
592
597
576
682
777
764
751
778
837
867
920
1028
999
1019
1037
1009
1189
1223
1212
1228
1201
1189
1157
1171
1167
1274
1274
1230
1103
1096
1039
1019
1025
989
955
735
784
1670
1007
738
829
540
1717
541
512
1686
502
1688
537
1701
534
472
459
1750
432
1738
415
413
424
655
1729
475
1721
461
460
1721
457
486
552
1754
518
441
577
1729
721
682
753
1697
711
689
694
668
708
692
852
869
1686
814
896
1634
789
840
779
825
1679
920
917
1644
813
745
728
572
569
376
363
340
352
358
297
1377
270
259
1311
230
206
198
186
165
131
111
109
106
76
72
74
74
62
62
60
47
36
49
45
39
36
43
38
32
21
1402
27
27
19
22
16
15
13
7
26
21
20
25
26
27
34
29
41
31
41
33
1230
34
23
26
22
17
24
17
20
15
14
8
6
5
12
51
7
12
5
9
7
7
4
3
2
3
0
1
3
1
0
2
1
1
1
1
1
0
0
0
0
0
0
0
0
0
0
0
0
0
0
0
0
0
0
0
0
0
0
0
0
0
0
0
0
0
0
0
0
0
0
0
0
0
0
0
0
0
0
0
0
0
0
0
0
0
0
0
0
