0
0
0
0
0
0
0
0
0
0
0
0
0
0
0
0
0
0
0
0
39
117
146
168
174
220
319
328
332
360
384
444
455
499
515
508
551
632
642
721
753
807
876
962
988
1007
1016
975
1367
1370
1372
1354
1349
1350
1321
1397
1388
1386
1219
1533
1514
1507
1545
1550
1543
1503
1566
1550
1530
1535
1539
1574
1571
1547
1525
1532
1526
1497
1531
1527
1510
1523
1443
1443
1416
1395
1384
1367
1357
1221
1170
1180
1195
1445
1441
1303
1501
1290
1228
1399
1373
1460
1416
1445
1525
1512
1431
1432
1429
1494
1488
1517
1370
1358
1390
1354
1393
1378
1344
1326
1376
1341
1365
1361
1350
1371
1380
1368
1350
1327
1406
1458
1459
1421
1410
1422
1438
1437
1425
1426
1406
1421
1415
1428
1466
1503
1498
1479
1392
1419
1388
1007
969
1060
1023
853
817
771
779
764
638
524
516
512
495
491
412
388
380
365
321
326
384
332
282
281
242
217
199
191
190
173
186
170
176
182
173
191
170
176
150
148
164
139
150
132
127
106
117
106
131
133
153
123
123
115
109
114
111
116
111
73
89
90
84
83
97
87
95
73
93
80
76
68
65
59
56
49
60
58
73
80
83
76
85
70
105
98
84
77
78
85
87
73
93
64
42
54
43
44
46
36
31
42
22
19
17
25
24
21
29
26
21
17
17
20
18
15
15
16
13
14
12
15
11
17
21
16
22
15
10
7
5
12
7
14
10
8
11
8
3
12
7
10
5
10
7
5
2
6
3
7
3
4
6
8
2
3
2
3
1
1
0
0
0
0
1
0
1
0
0
0
0
1
0
0
0
0
0
0
0
0
0
0
0
0
0
0
0
0
0
0
0
0
0
0
0
0
0
0
0
0
0
0
0
0
0
0
0
0
0
0
0
0
0
0
0
0
0
0
0
0
0
0
0
0
0
0
0
0
0
0
0
0
0
0
0
0
0
0
0
0
