1
11
16
20
23
20
41
41
84
79
79
77
80
61
76
78
89
98
95
89
102
98
123
127
104
122
105
116
157
158
152
164
179
176
174
184
204
206
203
224
232
234
270
283
284
289
308
319
339
360
365
371
355
330
329
368
337
1714
366
1725
398
424
1672
448
419
1677
473
1641
520
513
1612
566
543
1605
571
1602
676
705
1567
707
744
742
734
755
748
753
811
760
1564
802
1536
885
850
1531
928
878
792
1557
852
1554
819
1533
784
1534
845
1057
778
1514
1011
779
1508
811
867
1496
865
1501
782
1507
860
1501
723
1486
820
1479
768
1481
719
1480
898
1479
800
1437
791
1466
794
1445
744
1445
861
1415
899
1398
786
1400
733
1398
825
1390
794
1408
843
971
396
901
347
357
319
886
299
303
266
855
275
271
282
848
280
358
351
342
246
268
256
846
229
228
219
230
198
215
204
197
187
188
195
173
196
178
158
153
149
146
157
144
141
139
132
143
140
150
130
153
166
141
149
140
141
138
140
129
641
125
113
132
135
128
130
115
114
127
108
95
623
100
124
118
119
607
113
98
102
113
102
107
114
95
109
97
108
102
144
136
105
115
101
75
86
78
80
88
91
94
86
84
75
71
73
76
72
66
64
70
67
70
590
68
72
90
68
97
68
58
57
50
43
52
55
55
34
38
45
45
40
51
46
44
48
42
32
72
52
90
80
73
53
73
70
50
57
53
49
49
48
53
47
27
44
40
27
38
45
30
36
35
28
26
23
29
14
27
21
31
26
45
44
33
38
21
30
23
33
24
21
18
22
24
20
18
19
12
11
11
20
24
15
12
12
7
17
12
9
9
6
3
17
5
6
7
13
6
3
2
2
2
1
0
1
0
0
0
0
1
0
0
0
2
1
2
1
0
0
2
2
0
0
0
0
0
0
0
2
0
0
