1
8
7
39
43
35
44
39
40
48
42
49
75
103
97
94
100
97
92
115
113
124
113
105
115
1757
138
1740
158
1739
190
195
1735
276
265
1740
323
315
281
1738
342
303
1686
332
1712
341
1682
350
1660
363
1617
358
1649
396
1651
380
1614
424
1602
406
1635
472
1587
465
1630
488
480
1654
514
1629
504
1593
517
1591
549
1551
645
694
1548
530
1532
642
1513
639
1490
690
1444
741
709
666
1500
700
1447
678
1425
711
727
1413
747
1419
837
885
1392
765
1371
791
1369
881
1364
847
1332
839
1350
807
1345
837
1309
826
1312
850
1290
823
1278
825
1275
857
1251
842
1251
784
1264
828
1239
779
1210
802
1240
812
1207
834
1202
770
1224
796
1222
768
1216
840
1201
799
752
697
291
281
264
267
279
244
260
257
660
243
593
219
222
220
229
206
217
204
224
212
209
158
174
147
157
153
138
141
144
141
130
136
130
137
125
130
565
119
125
119
117
112
106
540
94
99
90
81
72
68
72
63
65
64
65
55
58
517
53
431
56
47
48
50
43
41
58
40
35
35
27
25
19
30
25
18
22
20
20
31
41
33
46
38
34
30
26
32
30
17
21
20
15
21
37
25
16
13
22
13
12
9
7
7
9
7
28
14
11
16
7
4
4
3
4
4
6
6
3
1
2
5
2
3
1
0
0
0
0
0
0
0
0
0
0
0
0
