1
12
11
13
26
16
24
35
17
40
48
37
31
32
36
36
30
52
58
64
62
60
69
91
70
75
76
75
75
81
79
98
87
100
113
151
144
146
119
128
153
171
175
175
183
167
194
209
216
216
216
205
204
207
1404
210
212
195
195
184
177
1395
227
245
248
1316
257
276
283
321
320
374
322
326
359
336
340
345
393
382
394
384
427
1204
437
478
516
438
479
479
445
1130
504
508
1123
672
663
634
656
642
526
510
490
507
525
532
503
452
468
464
508
493
486
465
486
455
454
436
424
423
419
452
450
422
1011
469
425
405
397
1027
410
431
389
389
385
387
375
383
1015
438
442
434
1046
440
458
450
441
424
382
388
380
185
154
157
161
164
143
143
136
133
119
139
128
657
118
92
115
110
95
106
96
81
91
91
83
83
80
96
72
78
62
61
62
73
65
52
56
65
48
66
63
70
55
66
51
52
54
38
54
41
37
37
46
32
29
32
23
26
34
40
25
28
24
24
22
13
6
4
15
14
21
23
19
11
17
12
12
6
27
17
17
23
29
18
371
11
12
12
8
9
6
14
14
11
11
1
10
2
4
4
8
4
6
4
5
8
5
7
3
3
0
3
4
1
12
9
1
5
0
0
5
4
1
3
1
1
0
1
0
0
6
0
0
0
0
0
0
0
0
0
0
0
