1
0
0
0
0
0
0
0
0
0
0
0
0
0
0
0
0
0
0
0
0
0
89
1878
86
142
110
186
199
159
1839
220
1822
258
1816
278
271
1855
267
1830
375
333
1837
340
1819
353
1864
328
354
1828
411
1801
345
1814
359
1810
374
1841
388
1810
437
382
1870
409
1827
442
1843
421
1802
403
1823
447
1807
421
1839
482
1787
530
1802
471
1829
549
1832
543
1784
450
1814
541
1786
591
1752
530
1810
589
1796
563
1782
609
1775
541
1775
563
1801
578
1778
545
1783
598
1788
551
1797
759
1771
586
1809
711
1762
575
1817
646
1793
715
1748
526
1773
681
1768
591
1755
625
1777
713
1769
610
1753
641
1763
638
1770
686
1779
632
1785
578
1750
585
1762
744
1760
470
1787
247
1422
170
1400
138
129
169
1470
127
110
1443
117
195
1456
112
1395
99
113
1427
94
130
121
100
174
1421
86
90
1441
86
71
1443
58
74
95
74
1439
54
52
76
61
48
73
77
1423
34
32
22
54
1321
12
14
15
47
12
12
38
1340
13
33
14
10
33
7
11
0
7
1147
1
0
1
41
8
0
1
24
1035
0
0
2
0
23
1107
5
0
0
0
10
0
0
0
0
0
11
0
0
0
0
0
0
0
0
0
0
0
0
0
0
0
0
0
0
0
0
22
0
0
0
0
0
0
0
0
0
0
0
0
0
0
0
0
0
0
0
0
0
0
0
0
0
0
0
0
0
0
0
0
0
0
0
0
0
0
0
0
0
0
0
0
0
0
0
0
0
0
0
0
0
0
0
0
0
0
0
0
0
0
