1
8
11
18
12
13
21
15
26
34
24
28
30
41
30
22
28
47
45
33
29
26
29
41
30
41
68
82
76
63
91
105
108
105
101
85
82
94
104
83
90
90
97
81
108
101
100
123
106
130
129
119
115
109
103
115
138
136
160
158
149
167
154
148
148
139
127
134
136
135
114
116
125
130
135
130
145
155
145
147
138
148
145
150
167
164
146
153
172
171
193
974
205
189
183
180
190
274
246
212
226
222
208
239
233
197
218
200
205
230
195
214
190
200
192
194
191
192
225
213
194
197
193
190
850
219
804
192
204
270
269
268
251
267
250
250
266
730
297
281
275
267
312
313
310
315
316
283
290
284
231
99
92
96
85
81
82
88
89
72
69
63
82
61
65
81
55
61
53
59
65
84
88
107
95
67
57
53
54
35
40
47
70
69
61
59
45
68
71
43
32
32
35
40
46
30
30
23
21
18
25
17
23
34
17
14
19
10
23
26
22
11
7
34
12
7
4
7
3
8
0
5
0
3
3
4
5
5
