1
0
0
0
0
0
0
0
0
0
0
0
0
0
0
0
0
0
0
0
0
0
0
0
0
0
0
0
0
0
0
0
0
0
0
0
0
0
0
0
0
0
0
0
57
133
129
137
127
141
132
187
182
196
205
212
217
201
243
235
237
266
295
289
314
303
323
289
333
381
366
375
378
425
428
399
417
393
411
392
498
509
509
497
569
602
627
641
635
674
665
677
675
703
765
785
848
806
842
850
863
904
921
1007
1028
1092
1098
1098
1069
1084
1088
1107
1107
1089
1138
1324
1361
1371
1320
1313
1312
1318
1452
1433
1438
1429
1440
1435
1467
1420
1453
1435
1388
1484
1486
1481
1438
1458
1453
1447
1477
1450
1455
1437
1439
1418
1289
1324
1288
1285
1415
1132
1137
1129
1120
1129
1106
1045
1058
1046
991
629
625
581
552
601
564
556
548
508
519
524
450
356
363
386
319
321
312
326
275
1454
287
274
260
270
257
245
250
233
247
249
237
234
1394
201
145
159
146
150
140
134
128
138
128
102
116
110
106
106
105
106
101
98
87
92
94
73
75
94
85
87
84
90
80
87
75
89
72
62
67
68
61
73
70
64
84
72
66
77
78
68
75
70
64
62
58
66
59
74
73
71
68
73
61
78
73
69
75
78
68
70
61
77
63
73
91
72
82
74
75
57
48
53
43
52
39
51
46
50
1266
35
40
36
38
34
38
34
37
30
31
31
26
38
26
29
17
33
23
33
27
17
21
17
24
21
15
18
13
12
10
13
20
15
1269
9
18
16
19
14
16
11
9
13
11
11
8
15
13
18
15
11
16
6
14
5
10
6
10
6
6
6
5
4
5
9
4
10
7
4
6
3
2
2
2
3
2
2
4
3
0
0
1
0
2
1
2
0
2
1
1
1
2
3
0
0
0
0
0
0
0
0
0
0
0
0
0
0
0
0
0
0
0
0
0
0
0
0
0
0
0
0
0
0
0
0
0
0
0
0
0
0
0
0
0
0
0
0
0
0
0
0
0
0
0
0
0
0
0
0
0
0
0
0
0
0
0
0
0
0
0
0
0
0
0
0
0
0
0
0
0
0
0
0
0
0
0
0
0
0
0
0
0
0
0
0
0
0
0
0
0
0
0
0
0
0
0
0
0
0
0
0
0
0
0
0
0
