0
7
16
12
28
34
45
38
36
44
57
67
51
54
70
103
85
108
104
115
104
118
99
120
114
136
129
131
124
131
139
147
146
151
149
158
175
193
190
186
212
207
248
247
245
265
277
256
258
270
278
288
311
324
316
315
330
311
407
386
366
339
388
435
357
438
403
478
409
477
470
454
493
497
547
538
545
546
547
589
563
592
608
637
647
603
629
651
657
684
770
761
932
874
882
784
902
797
924
875
814
860
977
926
886
944
868
895
971
924
838
916
788
847
906
924
790
859
911
838
801
839
912
779
935
867
878
972
908
776
827
940
1012
858
884
917
877
1000
671
967
927
913
927
784
962
947
1099
911
885
886
871
473
358
468
447
310
416
404
322
351
327
335
261
283
247
293
297
262
308
305
249
284
242
277
241
220
257
273
250
232
232
273
208
219
267
265
251
259
230
235
240
228
201
201
224
229
203
222
233
221
242
214
230
219
198
217
203
214
209
193
216
195
234
217
186
200
183
203
191
172
162
175
166
212
190
166
162
179
155
172
171
151
148
166
203
170
157
163
181
158
147
138
147
137
173
148
139
139
183
136
132
170
109
206
156
205
137
145
144
138
189
153
136
132
145
143
117
118
108
116
113
161
142
147
129
130
97
83
105
129
132
118
137
145
82
92
95
79
89
82
84
94
73
58
60
55
58
69
107
93
88
87
83
87
81
115
73
76
95
99
91
104
75
75
68
73
77
63
53
39
49
48
39
46
45
37
46
37
38
37
27
42
26
27
29
33
38
26
25
46
24
46
42
53
42
38
47
40
31
33
33
40
38
31
34
37
30
37
47
42
49
45
56
55
51
61
44
33
38
42
68
37
47
34
31
39
61
43
51
56
54
46
35
56
42
51
42
40
37
37
42
29
35
22
27
52
41
40
28
47
48
30
25
28
25
25
26
25
41
31
27
19
29
22
25
22
30
22
14
12
17
7
8
6
9
6
14
11
14
1
0
9
2
2
0
0
0
1
0
1
2
1
2
4
2
0
0
