1
0
0
0
0
0
0
0
0
0
0
0
0
0
0
0
0
0
0
0
0
0
0
0
0
0
0
0
0
0
0
0
0
0
0
0
0
0
0
0
0
0
0
0
0
0
0
0
0
0
0
0
0
0
0
0
0
0
0
0
0
0
0
0
0
0
0
0
36
27
31
25
0
31
29
1735
26
32
1720
31
26
30
1686
0
31
83
19
87
31
29
1707
31
28
1692
80
23
26
26
1681
20
3
88
26
21
88
41
1697
40
37
37
1694
79
35
1638
38
37
32
1628
84
35
1626
39
41
33
1649
45
36
51
1656
50
1590
28
37
44
65
1679
40
69
1685
88
1624
32
62
30
1651
75
35
1610
64
1589
48
12
7
5
13
1440
1
1
4
2
35
1
0
35
0
4
1373
21
0
0
0
41
0
0
29
20
1371
0
0
0
28
0
0
30
0
0
34
1354
0
0
0
35
0
37
0
4
1
1318
0
0
0
0
0
0
18
0
0
3
0
0
3
1231
0
0
0
0
0
0
0
0
0
0
0
0
0
1
0
0
0
0
0
0
0
0
0
0
0
0
0
0
0
0
0
0
0
0
0
0
0
0
0
0
0
0
0
0
0
0
0
0
0
0
0
0
0
0
0
0
0
0
0
0
0
0
0
0
0
0
0
0
0
0
0
0
0
0
0
0
0
0
0
0
0
0
0
0
0
0
0
0
0
0
0
0
0
0
0
0
0
0
0
0
0
0
0
0
0
0
0
0
0
0
0
0
0
0
0
0
0
0
0
0
0
0
0
0
0
0
0
0
0
0
0
0
0
0
0
0
0
0
0
0
0
0
0
0
0
0
0
0
0
0
0
0
0
0
0
0
0
