0
0
0
0
0
0
0
0
0
0
0
0
0
0
0
0
0
0
0
0
0
0
0
0
0
0
81
164
143
150
86
142
92
171
117
175
111
205
130
186
164
184
184
243
156
204
281
247
266
295
397
306
405
433
381
554
447
636
489
627
630
556
772
484
748
472
672
763
689
510
716
754
528
630
1077
557
779
610
866
814
586
957
642
997
801
588
888
959
782
782
962
806
697
796
938
915
925
601
970
804
828
888
979
704
764
1155
729
1172
651
891
883
898
831
821
1025
797
921
950
656
1300
821
842
738
877
1097
771
870
1091
740
885
800
1364
573
922
1127
926
833
841
1159
694
978
1115
887
673
915
1098
1270
644
868
940
1183
139
196
279
195
214
190
165
194
251
146
219
145
221
181
195
142
139
116
179
216
155
133
189
127
142
159
136
133
95
122
101
100
160
90
97
117
123
85
108
92
102
90
92
127
97
72
112
73
60
64
70
81
75
56
55
75
33
109
64
75
58
59
81
57
64
48
50
59
65
39
59
76
97
53
60
44
52
17
69
31
40
72
50
17
53
37
4
14
29
29
11
48
20
11
24
30
40
14
20
13
10
32
11
15
18
16
18
12
30
9
20
17
9
7
11
16
6
7
6
17
7
2
1
12
17
16
3
7
9
1
14
8
15
1
2
6
2
20
8
0
4
10
0
2
7
1
1
2
0
3
0
2
1
1
0
2
1
1
5
0
7
0
0
0
1
0
2
0
1
0
0
0
0
1
0
0
1
1
0
0
0
0
0
0
0
0
0
0
0
0
0
0
0
0
0
0
0
0
0
0
0
0
0
0
0
0
0
0
0
0
0
0
0
0
0
0
0
0
0
0
0
0
0
0
0
0
0
0
0
0
0
0
0
0
0
0
0
0
0
0
0
0
0
0
0
0
0
0
0
0
0
0
0
0
0
0
0
0
0
