0
15
18
20
36
43
42
43
50
61
58
110
107
77
121
130
129
182
150
133
169
149
208
203
257
361
320
371
423
454
456
484
588
596
594
664
671
681
832
889
778
850
852
892
926
980
991
1096
1236
906
1226
1011
1063
1017
1403
1263
1057
1142
1217
1227
1187
1109
1274
1456
1198
1385
1221
1248
1283
1253
1471
1151
1469
1419
1213
1099
1368
1313
1405
1268
1295
1284
1402
1297
1300
1371
1316
1367
1351
1334
1404
1387
1359
1431
1427
1344
1400
1451
1375
1421
1384
1440
1371
1445
1378
1306
1428
1415
1443
1390
1434
1435
1370
1408
1432
1380
1417
1350
1427
1417
1414
1403
1423
1342
1434
1402
1382
1399
1339
1357
1372
1381
1333
1383
1387
1326
1326
1317
1312
1316
1345
1306
1220
1254
1227
1189
1197
1167
1277
1227
1208
656
630
626
587
503
690
519
596
489
556
494
519
500
529
462
532
476
439
433
430
448
438
392
375
355
332
433
400
337
350
346
378
383
396
284
366
335
275
277
376
323
386
281
325
248
306
231
252
262
185
146
173
142
164
125
108
127
142
88
169
140
90
122
118
109
99
100
85
99
81
97
111
100
79
98
153
69
87
177
72
80
93
84
88
79
77
70
77
67
65
86
61
62
67
68
58
141
65
85
92
66
77
81
74
100
65
67
70
57
51
59
47
47
44
38
45
51
50
47
48
65
58
50
34
45
31
50
47
34
37
27
35
37
36
46
36
33
31
30
21
26
20
32
27
24
22
18
28
25
32
27
20
18
13
15
16
12
18
6
13
9
11
9
13
10
13
22
16
12
8
41
28
25
6
6
8
6
3
2
7
3
11
9
8
6
0
0
3
0
0
0
0
0
0
0
0
