1
0
0
0
0
0
0
0
0
0
0
0
0
0
0
0
0
0
0
0
0
0
0
0
0
0
0
0
0
0
0
0
0
0
0
0
0
0
0
0
0
0
0
0
0
0
0
0
0
0
0
0
0
0
0
0
0
0
0
0
48
47
38
40
41
75
69
78
80
78
73
68
69
60
59
77
78
86
98
96
91
155
168
167
151
159
166
141
152
166
156
159
162
159
161
149
158
156
155
146
140
164
190
150
132
1611
159
167
158
152
158
145
155
1580
145
141
117
124
120
127
119
120
157
161
136
148
1436
170
166
157
143
129
123
112
120
109
144
142
128
151
203
225
205
212
222
1376
177
165
208
191
194
146
140
152
148
130
99
107
76
89
75
78
63
56
53
1372
28
24
22
27
20
23
20
18
10
4
4
0
1
2
1
0
2
1
2
1
1396
5
2
2
3
6
4
7
6
6
2
6
5
8
4
3
5
3
3
3
2
6
1
4
6
5
5
3
4
2
1
3
0
1
1
0
0
0
0
0
0
0
0
0
0
0
0
0
0
0
0
0
0
0
0
0
0
0
0
0
0
0
0
0
0
0
0
0
0
0
0
0
0
0
0
0
0
0
0
0
0
0
0
0
0
0
0
0
0
0
0
0
0
0
0
0
0
0
0
0
0
0
