0
0
0
0
0
0
0
0
0
0
0
0
0
0
0
0
0
0
0
0
0
0
0
0
0
0
0
0
0
0
0
0
0
0
0
0
0
0
0
0
0
0
0
0
0
0
0
0
0
0
42
89
121
153
160
136
156
145
136
148
134
150
137
130
152
152
145
161
150
166
193
166
170
173
170
169
170
191
191
185
186
198
181
178
188
232
221
234
225
237
243
236
248
253
266
272
335
349
392
441
460
476
464
483
539
578
590
601
614
641
629
641
735
762
780
769
753
785
760
826
837
815
836
822
873
828
912
963
970
941
1052
1003
1102
1085
1151
1078
1130
1073
1099
1277
1244
1248
1222
1242
1201
1224
1144
1202
1156
1135
1155
938
935
930
939
915
893
867
822
664
656
657
675
587
884
582
536
539
425
390
391
357
356
283
264
261
275
214
198
207
185
183
195
173
175
141
144
127
126
96
96
97
87
95
72
78
67
67
65
64
63
59
47
51
43
51
64
63
50
64
48
59
55
54
52
41
50
50
39
40
39
31
33
28
31
26
27
25
25
33
27
30
30
23
23
25
19
21
20
17
24
24
21
16
18
18
15
18
17
19
15
21
13
14
13
12
14
7
13
15
11
13
13
17
21
19
18
18
17
8
16
13
15
11
14
11
17
20
9
15
14
9
14
8
12
12
16
12
15
12
13
21
26
10
27
12
15
13
11
12
9
9
11
8
8
2
4
3
3
12
11
9
11
10
4
7
6
9
7
3
9
7
8
14
12
12
8
11
7
5
5
5
8
6
6
4
7
6
6
2
7
5
7
8
7
9
4
7
3
7
3
6
3
3
3
5
2
3
1
3
2
2
1
1
0
1
0
0
0
0
0
0
0
0
0
0
0
0
0
0
0
0
0
0
0
0
0
0
0
0
0
0
0
0
0
0
0
0
0
0
0
0
0
0
0
0
0
0
0
0
0
0
0
0
0
0
0
0
0
0
0
0
0
0
0
0
0
0
0
0
0
0
0
0
0
0
0
0
0
0
0
0
0
0
0
0
0
0
