1
0
0
0
0
0
0
0
0
0
0
0
0
0
0
0
0
0
0
0
0
0
0
0
0
0
0
0
0
0
0
0
0
0
0
0
0
0
0
0
0
0
0
0
0
0
0
0
0
0
0
0
0
0
0
0
0
0
0
0
0
0
0
0
0
0
0
0
36
27
31
25
26
26
83
76
73
78
61
82
69
78
64
79
71
73
66
67
69
63
65
62
70
65
65
56
64
76
72
77
71
75
76
71
80
78
84
79
76
91
76
80
94
87
84
119
115
120
125
1694
121
106
145
138
165
233
224
229
238
233
236
216
234
273
272
271
289
265
280
279
315
317
320
334
356
423
417
398
421
423
434
350
327
312
336
312
318
307
301
306
285
1411
264
289
280
278
292
273
283
290
247
250
181
202
167
185
157
162
156
159
136
166
137
1364
135
129
120
127
115
109
89
72
69
69
58
77
45
40
31
32
17
24
30
25
19
23
24
15
23
17
20
10
8
9
3
3
3
3
2
6
2
0
0
0
0
0
1
0
1
0
1
0
0
1
2
2
1
5
6
6
6
5
2
5
4
3
4
2
4
1
3
6
5
3
4
8
3
5
4
5
3
3
4
4
4
2
5
5
5
10
7
7
3
4
7
4
5
7
8
2
6
7
6
5
3
2
3
2
6
4
7
6
7
3
6
3
3
4
6
3
5
3
5
3
6
4
4
4
0
3
0
1
2
3
1
3
2
0
0
1
1
0
0
0
1
0
0
0
0
0
0
2
0
0
0
0
0
0
0
0
0
0
0
0
0
0
0
0
0
0
0
0
0
0
0
0
0
0
0
0
0
0
0
0
0
0
0
0
0
0
0
0
0
0
0
0
0
0
0
0
0
0
0
0
0
0
0
0
0
0
0
0
0
0
0
0
0
0
0
0
0
0
0
0
0
0
0
0
0
0
0
0
0
0
0
