1
1
3
4
10
8
4
4
7
13
9
10
15
14
17
18
20
22
21
21
24
19
17
19
20
20
19
16
16
23
21
19
18
18
18
17
17
17
21
19
14
16
26
20
29
19
23
29
25
22
24
28
29
34
27
30
29
31
37
31
30
32
28
31
34
38
43
34
40
36
35
35
33
37
43
44
36
43
41
37
39
34
34
36
38
39
38
44
68
63
55
50
53
45
44
43
64
58
57
48
61
49
49
49
53
48
49
45
48
48
45
44
46
45
59
52
54
50
58
50
49
48
50
67
53
52
49
47
49
51
51
57
50
47
49
49
48
48
44
51
59
48
46
49
59
45
46
42
43
37
43
5
3
8
0
2
1
1
4
3
2
0
1
0
1
1
0
0
0
0
0
0
0
0
0
0
0
