1
4
10
10
4
15
17
17
20
22
24
63
54
42
45
51
54
41
54
37
44
29
41
40
46
48
51
61
71
71
64
81
99
80
103
89
89
90
81
73
79
78
122
111
124
122
116
121
118
164
127
113
104
133
119
140
118
142
135
132
139
151
146
160
141
139
124
134
126
142
151
178
159
156
163
163
168
176
149
162
196
179
195
179
198
185
192
177
183
207
198
202
184
196
177
999
170
928
192
196
161
946
145
910
188
841
187
166
884
205
204
187
847
173
808
174
777
164
745
160
169
167
831
163
749
164
673
164
152
160
151
196
187
161
159
172
199
190
197
165
179
164
166
200
224
191
192
214
197
208
209
72
63
54
94
90
75
60
61
53
116
89
97
74
45
42
34
33
31
25
24
27
42
36
35
42
34
28
21
30
28
31
42
38
25
20
15
15
15
13
14
8
5
12
19
11
13
17
9
6
8
10
11
8
4
3
8
1
5
3
4
3
0
14
8
6
16
4
4
3
7
4
2
1
0
0
0
0
0
0
0
0
0
