1
26
28
32
28
44
43
33
27
28
30
27
42
40
46
39
58
68
61
72
61
92
83
88
115
116
127
125
140
146
151
156
159
165
181
174
177
212
173
184
192
212
195
204
179
205
239
234
231
230
236
211
223
243
250
250
246
258
280
276
259
295
287
246
267
262
278
322
307
317
320
387
368
1449
369
373
419
398
430
415
409
419
395
419
437
466
467
450
494
457
459
1378
524
556
493
1366
502
502
569
613
602
571
1314
614
610
602
594
1305
620
563
1305
591
583
1277
637
641
631
1233
676
663
658
1187
675
690
662
709
698
692
771
849
807
1165
794
782
788
810
791
790
1099
794
774
786
796
797
1106
800
756
721
909
867
754
460
447
439
502
475
470
433
428
337
344
326
299
282
315
285
237
227
222
220
246
230
608
227
188
175
189
196
165
180
171
155
169
178
154
174
174
150
134
148
143
138
127
108
107
120
115
115
122
117
123
126
109
105
105
92
102
97
105
92
113
104
113
85
86
150
126
121
126
130
110
91
82
77
98
91
88
81
103
89
82
88
101
82
77
81
98
79
75
77
78
82
74
84
80
58
55
58
68
47
46
48
44
51
29
32
47
53
55
53
47
51
43
48
46
47
50
45
44
33
23
38
43
44
36
46
24
45
27
31
32
29
23
23
22
14
14
16
33
20
23
29
26
34
25
22
26
25
15
9
14
17
10
9
15
8
25
11
11
6
12
3
3
3
5
6
56
23
3
3
4
10
5
5
6
3
2
0
1
7
14
0
0
0
0
0
0
5
1
2
0
