1
2
1
6
15
18
12
8
13
18
16
10
17
14
15
17
15
13
23
30
24
15
21
20
17
21
25
20
24
21
27
27
24
25
32
25
35
26
27
25
33
33
32
37
35
39
34
34
34
33
33
32
31
34
33
34
33
32
32
35
34
36
36
33
41
32
32
41
39
39
35
39
33
39
33
46
35
37
33
50
43
47
52
40
42
40
52
47
44
43
59
51
44
47
44
50
48
47
47
49
50
48
54
50
57
54
52
50
45
48
47
48
47
47
53
56
48
49
47
56
44
45
51
47
50
45
46
44
46
45
48
42
50
50
44
45
43
45
50
64
54
50
47
54
44
46
42
51
76
52
52
7
15
7
11
10
5
6
4
10
3
1
0
0
0
1
0
0
0
0
0
0
