1
0
0
0
0
0
0
0
0
0
0
0
0
0
0
0
0
0
0
0
0
0
0
0
0
0
0
0
0
0
0
0
0
0
0
0
0
0
0
0
0
0
0
0
0
0
0
0
0
0
0
0
0
0
0
0
0
0
0
0
0
0
49
0
0
88
3
1636
0
28
1621
14
1577
2
1
1602
13
0
31
1
1623
12
1558
1
8
1588
2
3
2
1584
4
32
1561
2
50
20
1575
12
28
4
92
1597
15
46
1560
12
1444
17
31
1449
7
39
23
1488
14
37
34
1571
4
1522
14
23
1527
17
5
41
1586
17
20
17
1527
5
46
5
1463
22
18
35
5
1484
13
40
21
34
1600
10
35
13
1529
22
35
0
0
0
0
0
0
0
0
0
0
0
0
0
0
0
0
0
33
0
0
0
24
0
0
26
0
0
0
0
0
13
0
0
0
0
0
0
0
0
0
0
0
0
0
0
0
0
0
0
0
0
0
0
0
0
0
0
0
0
0
0
0
0
0
0
0
0
0
0
0
0
0
0
0
0
0
0
0
0
0
0
0
0
0
0
0
0
0
0
0
0
