1
0
0
0
0
0
0
0
0
0
0
0
0
0
0
0
0
0
0
0
0
0
0
0
0
0
0
0
0
0
0
0
0
0
0
0
0
0
0
0
0
0
0
0
0
0
0
0
0
0
0
0
0
0
0
44
46
47
41
45
46
40
84
108
129
122
125
140
135
132
134
130
136
151
146
133
158
148
171
133
164
145
174
176
148
182
154
186
174
163
181
185
186
201
183
179
203
191
211
219
216
207
235
279
296
308
295
385
381
382
381
453
466
461
502
539
1743
520
535
547
573
569
634
642
629
681
692
670
660
678
668
669
668
682
646
675
681
813
830
860
858
903
891
863
873
902
853
889
881
884
863
727
641
646
629
630
615
621
591
600
554
540
487
503
471
528
518
502
511
484
481
483
429
407
372
369
278
275
262
251
248
184
181
1352
179
158
162
133
125
107
1339
88
89
1376
69
67
46
56
44
47
1427
48
40
30
37
39
31
30
28
26
27
23
16
22
23
23
24
20
17
28
1366
26
28
28
30
23
23
24
18
25
21
20
22
18
20
20
19
18
18
11
10
15
10
7
11
10
8
12
11
13
13
15
18
15
16
14
20
17
12
10
11
4
11
6
9
4
5
0
4
2
2
3
1
2
1
0
0
0
0
0
0
0
0
0
0
0
0
5
5
6
5
7
3
4
2
3
4
5
2
5
6
6
5
7
5
4
9
7
8
7
4
3
3
3
1
5
1
6
2
4
3
3
3
3
4
5
3
3
4
2
5
2
3
0
0
0
0
0
0
0
0
0
0
0
0
0
0
0
0
0
0
0
0
0
0
0
0
0
0
0
0
0
0
0
0
0
0
0
0
0
0
0
0
0
0
0
0
0
0
0
0
0
0
0
0
0
0
0
0
0
0
0
0
0
0
0
0
0
0
0
0
0
0
0
0
0
0
0
0
0
0
0
0
0
0
0
0
0
0
0
0
0
0
0
0
0
0
0
0
0
0
0
0
0
