0
0
0
0
0
0
0
0
0
0
0
0
0
0
0
0
0
0
0
0
0
0
0
0
0
0
0
0
0
0
0
0
0
0
0
0
0
0
0
0
0
0
0
0
0
0
0
0
0
0
0
0
0
0
0
0
0
56
45
51
36
52
42
42
142
135
121
133
122
135
141
138
143
149
139
150
146
155
143
148
158
183
163
186
180
174
172
184
191
174
187
195
169
192
179
190
191
218
212
231
218
257
252
270
299
367
388
391
403
442
521
525
559
537
575
584
600
604
649
670
653
668
670
652
674
677
662
666
661
690
663
675
680
691
745
765
918
877
849
853
855
827
833
868
935
901
930
915
889
894
915
720
728
695
700
671
662
633
638
561
604
596
510
544
532
501
475
512
473
489
392
368
331
321
298
289
278
251
250
222
241
174
196
196
145
150
145
156
147
111
120
110
97
79
64
61
63
50
66
69
78
52
52
45
52
59
66
53
50
63
57
59
66
53
51
46
49
50
42
49
50
38
37
40
38
30
31
31
37
36
33
36
29
26
29
20
28
29
22
26
23
30
22
25
19
18
12
12
14
12
5
4
3
5
4
5
5
3
3
5
3
2
4
3
5
2
4
3
3
8
3
6
2
1
1
2
1
1
3
1
2
1
0
1
0
3
4
6
10
12
18
9
13
11
8
7
4
5
6
8
8
7
7
2
3
3
2
6
5
6
6
7
14
11
7
12
8
3
9
9
7
7
3
4
5
5
3
5
5
10
5
7
11
4
5
3
4
2
0
1
0
0
3
0
0
0
1
1
1
0
0
1
1
0
1
3
1
1
1
2
2
2
2
1
1
1
0
2
0
0
1
0
2
0
0
3
1
1
1
0
1
0
1
0
0
1
1
0
0
0
0
0
0
0
0
0
0
0
0
0
0
0
0
0
0
0
0
0
0
0
0
0
0
0
0
0
0
0
0
0
0
0
0
0
0
0
0
0
0
0
0
0
0
0
0
0
0
0
0
0
0
0
0
0
0
0
0
0
0
0
0
0
0
0
0
0
0
0
0
0
