0
6
6
16
24
15
39
40
42
35
32
27
27
35
30
53
52
41
50
44
70
51
56
48
40
36
36
42
52
92
71
73
78
93
75
84
77
68
116
114
121
86
111
138
121
137
124
129
116
117
120
115
107
103
114
114
123
107
119
133
122
125
144
124
167
149
144
147
177
174
167
185
181
187
168
179
190
188
177
180
168
200
186
186
191
174
203
192
199
209
272
253
278
284
246
225
228
202
237
212
213
203
194
182
209
226
219
189
194
172
208
214
191
191
200
272
236
235
248
211
209
206
215
211
170
171
159
179
162
190
189
194
186
172
185
197
228
237
253
236
244
227
222
215
193
185
183
179
190
190
204
120
100
115
105
100
88
110
94
85
85
99
97
100
91
103
115
101
114
97
87
72
92
99
81
70
82
81
130
111
94
114
73
71
78
73
90
78
66
59
79
96
81
48
60
79
70
79
73
68
65
69
71
66
70
75
72
67
52
65
50
50
48
40
37
37
34
29
41
29
25
32
22
38
29
28
19
17
16
27
26
17
21
13
25
23
28
13
20
21
25
8
22
22
16
19
9
9
6
12
15
10
10
9
20
9
10
6
6
11
4
12
7
7
12
3
3
3
5
4
1
3
3
2
3
9
6
6
12
8
5
5
5
13
6
18
9
11
4
2
2
3
1
0
2
0
1
0
1
0
0
0
1
2
2
37
8
4
1
0
0
1
0
0
0
0
0
0
0
0
0
0
0
0
0
0
0
0
0
