1
10
15
28
48
38
57
64
63
74
61
50
70
79
84
74
77
101
80
86
110
116
110
110
134
118
121
131
143
116
129
118
140
137
167
161
164
163
184
189
1591
235
237
1519
271
289
306
1495
317
1442
300
312
282
286
315
1442
315
394
401
336
335
371
1431
374
370
406
396
432
1393
376
457
1405
501
510
508
528
1358
549
479
495
1352
517
523
525
519
529
508
512
1307
553
553
531
1289
566
563
676
641
666
1267
642
627
621
663
623
610
611
648
1246
625
635
644
1244
614
1223
781
766
826
817
762
764
779
779
795
743
1148
703
717
718
628
634
621
1154
630
606
598
638
628
620
607
645
626
621
606
1128
760
706
716
702
1070
737
753
411
390
354
362
317
278
263
590
321
330
298
278
327
249
263
244
205
219
249
231
217
194
178
233
174
153
164
179
188
177
164
118
110
103
106
97
80
97
121
99
101
95
92
95
77
82
52
64
50
44
29
41
56
52
55
68
52
40
55
44
41
35
38
35
38
33
23
23
17
20
19
15
15
27
11
14
13
34
21
16
25
28
22
25
16
16
14
20
15
23
19
22
14
15
11
12
14
6
17
6
6
7
8
11
6
6
10
8
5
5
2
0
0
0
0
0
0
0
0
0
0
0
0
0
0
0
0
0
0
