0
33
42
33
36
45
59
58
77
71
81
73
60
119
110
111
132
145
167
155
161
189
174
165
177
225
190
205
191
225
227
252
236
224
231
244
233
254
249
267
268
265
284
252
291
296
287
280
269
280
338
358
351
370
421
420
411
500
528
549
535
568
612
555
656
659
666
676
680
646
698
678
681
672
682
651
649
619
622
669
661
683
682
686
721
695
730
735
721
757
738
769
819
782
835
878
937
915
980
935
923
937
959
953
904
958
937
908
906
879
844
811
874
852
833
825
1016
855
862
898
886
949
956
930
1025
1012
997
1015
1060
1016
1002
1059
1056
1026
1020
974
1118
1159
1149
1146
1262
1297
1303
1282
1259
1266
1269
1262
1237
1245
1239
802
789
796
767
738
743
757
718
709
706
661
567
522
532
527
513
516
497
492
467
486
479
475
441
523
644
643
622
599
576
564
559
504
491
489
501
469
457
444
428
383
375
357
320
314
301
328
333
237
227
210
203
236
186
187
170
165
167
177
169
145
173
185
154
251
207
181
194
187
147
148
154
218
157
148
146
158
151
137
143
123
145
146
120
114
113
102
122
111
157
151
120
123
117
121
107
115
112
92
91
99
119
85
93
94
84
86
90
92
93
96
82
75
57
85
62
66
63
79
69
59
59
64
64
53
50
59
58
51
58
56
49
69
49
66
51
52
51
60
56
52
39
57
39
33
34
42
35
45
35
30
22
23
33
51
45
68
61
63
54
58
77
80
74
55
69
58
62
53
53
65
79
57
52
55
50
51
43
45
47
28
42
70
74
45
32
38
31
47
21
23
20
17
17
18
27
16
21
27
30
33
19
20
26
18
12
11
18
12
18
14
25
31
24
23
23
8
14
13
13
7
5
6
2
2
7
4
2
9
6
9
7
3
2
1
0
0
1
2
0
0
0
0
