0
0
0
0
0
0
0
0
0
0
0
0
0
0
0
0
0
0
0
0
0
0
0
0
0
0
0
0
0
0
0
0
0
0
0
0
0
0
41
43
37
69
155
155
157
155
166
162
181
234
249
265
257
330
345
332
336
372
364
386
393
415
460
489
474
508
490
489
519
568
518
555
545
560
617
644
632
650
693
725
796
834
797
822
879
844
869
905
919
921
930
925
1038
1051
1051
1117
1113
1064
1119
1083
1122
1389
1431
1426
1396
1425
1409
1458
1090
1207
1236
1208
1521
1541
1577
1584
1594
1600
1549
1564
1556
1551
1565
1581
1570
1597
1594
1544
1557
1550
1571
1522
1556
1504
1535
1531
1549
1540
1549
1578
1577
1542
1561
1573
1566
1559
1545
1558
1528
1548
1565
1267
1237
1262
1247
1226
1193
1211
1166
1176
1163
1125
1072
1008
821
724
673
662
651
618
625
605
585
581
584
552
560
550
517
514
508
500
504
477
450
444
421
435
415
393
381
400
362
345
307
277
297
288
303
281
249
224
227
213
205
186
206
192
190
180
185
170
211
178
196
184
176
169
149
140
136
126
126
105
119
105
122
139
121
116
96
94
91
83
87
76
89
82
86
92
89
96
101
85
81
74
90
85
73
73
87
79
71
69
66
65
66
57
64
58
48
43
58
44
54
34
48
46
45
46
44
44
49
39
43
28
32
28
28
28
28
26
28
24
25
31
22
29
15
20
20
14
15
19
16
11
10
16
17
19
13
13
14
12
15
9
13
13
10
11
10
15
9
11
9
9
24
23
20
18
15
21
18
17
25
16
24
23
20
23
17
22
16
18
14
18
14
17
11
12
12
16
14
16
16
13
19
19
17
11
14
14
15
7
17
8
13
9
14
8
6
8
0
1
1
2
1
1
0
2
2
2
3
1
0
3
1
0
1
0
0
0
0
0
0
0
0
0
0
0
0
0
0
0
0
0
0
0
0
0
0
0
0
0
0
0
0
0
0
0
0
0
0
0
0
0
0
0
0
0
0
0
0
0
0
0
0
0
0
0
0
0
0
0
0
0
0
0
0
0
0
0
0
0
0
0
0
0
0
0
0
0
0
0
0
0
0
0
0
0
0
0
0
0
0
0
0
0
0
0
0
0
0
0
0
0
0
0
0
0
0
0
0
0
0
0
0
0
0
0
0
0
0
0
0
0
0
0
0
0
0
0
0
0
0
0
0
0
0
0
0
0
0
0
0
0
0
0
0
0
0
0
0
0
0
0
0
0
0
0
0
0
