0
0
0
0
0
0
0
0
0
0
0
0
0
0
0
0
0
0
0
0
0
0
44
141
124
139
175
202
190
238
214
279
314
306
361
361
362
382
412
412
431
536
562
609
690
758
738
813
812
974
1004
1023
1014
1035
1071
1127
1150
1258
1529
1495
1530
1504
1506
1503
1508
1501
1478
1492
1483
1448
1468
1482
1427
1449
1306
1307
1372
1354
1394
1338
1380
1302
1297
1238
1252
1076
1057
1081
945
1073
1250
1041
999
1051
996
1043
1077
1077
1072
1020
996
955
1203
1145
1152
1131
1024
1144
1090
1352
1282
1294
1289
1331
1303
1301
1305
1326
1316
1337
1366
1374
1333
1350
1245
1248
1262
1400
1388
1348
1389
1354
1308
1368
1344
1360
1289
1347
1291
970
966
973
1092
1095
1093
1018
1062
1001
986
979
988
743
615
548
548
578
559
556
566
537
509
451
445
429
408
405
361
400
357
315
308
290
314
236
197
193
184
172
159
121
128
125
142
130
133
130
154
152
141
128
147
154
144
146
151
196
151
152
140
129
148
145
169
171
163
144
147
209
221
219
170
146
135
122
110
104
84
101
76
80
50
64
46
57
39
49
47
34
31
43
24
28
35
25
26
33
35
28
30
18
19
19
18
19
13
14
14
26
24
9
12
18
14
14
15
15
15
17
12
8
13
14
13
14
10
12
8
11
7
3
7
9
5
3
1
5
3
3
5
2
0
3
3
2
0
0
0
1
3
2
0
1
1
4
2
0
2
4
0
5
3
2
3
3
1
2
1
0
0
0
1
0
0
0
0
0
0
0
0
0
0
0
0
0
0
0
0
0
0
0
0
0
0
0
0
0
0
0
0
0
0
0
0
0
0
0
0
0
0
0
0
0
0
0
0
0
0
0
0
0
0
0
0
0
0
0
0
0
0
0
0
0
0
0
0
