1
47
34
52
44
58
64
86
96
88
97
101
99
133
149
138
125
170
150
180
198
194
1867
307
1905
330
347
1872
492
473
1884
533
1877
549
1826
604
1854
659
1853
690
1828
725
1839
744
759
795
1795
909
1783
908
1822
1024
1750
1097
1736
1097
1106
1745
1066
1742
1109
1728
1307
1298
1436
1396
1415
1250
1149
1158
1200
1194
1137
1121
1127
1712
1377
1676
1478
1479
1651
1493
1473
1448
1658
1478
1487
1479
1637
1501
1518
1507
1535
1538
1525
1532
1525
1509
1535
1519
1521
1504
1516
1516
1532
1525
1512
1515
1499
1500
1482
1494
1486
1484
1489
1468
1475
1461
1454
1461
1461
1439
1449
1462
1444
1440
1445
1454
1431
1433
1429
1439
1435
1414
1422
1439
1422
1418
1432
1419
1422
1413
1426
1417
1432
1402
1427
1429
1410
1414
1421
815
804
767
758
762
732
696
711
707
674
664
662
637
629
613
596
598
599
575
572
568
551
532
503
490
482
420
405
437
471
387
398
439
402
390
365
346
325
307
292
303
291
278
289
263
262
242
217
202
205
191
214
196
198
176
177
175
280
218
230
217
205
176
124
130
227
178
178
160
119
115
120
181
158
125
106
104
103
100
103
135
111
77
464
90
131
98
98
105
101
95
98
85
80
167
137
87
89
88
86
94
74
65
78
55
69
54
49
52
57
56
56
38
45
44
40
31
35
27
36
33
37
33
45
35
40
57
53
34
32
25
32
18
27
34
45
45
38
30
38
23
25
16
21
16
24
12
19
9
21
20
27
14
21
28
21
19
19
11
18
7
14
11
25
10
14
9
12
2
9
2
6
4
7
2
5
1
3
1
2
2
1
2
1
2
2
1
2
1
2
3
1
3
1
2
3
1
3
1
2
2
1
6
0
3
2
1
4
0
3
2
1
4
2
3
3
1
4
1
4
3
1
3
1
6
2
1
4
3
2
2
2
3
4
2
3
2
2
0
0
0
0
