0
29
25
21
24
50
51
72
60
92
121
106
120
134
150
147
166
157
148
169
154
153
165
211
332
314
376
364
376
363
396
450
479
471
521
554
591
709
752
745
774
845
886
1048
1007
995
1006
1015
1115
1118
1181
1365
1362
1536
1503
1522
1494
1524
1482
1490
1497
1482
1457
1506
1503
1519
1466
1456
1438
1421
1427
1464
1457
1435
1393
1437
1472
1463
1427
1408
1413
1419
1412
1401
1405
1386
1405
1375
1462
1429
1451
1471
1450
1444
1448
1447
1456
1453
1442
1475
1457
1440
1447
1441
1434
1398
1385
1360
1388
1393
1375
1343
1328
1335
1378
1371
1375
1372
1379
1381
1355
1346
1335
1352
1330
1333
1347
1366
1341
1299
1304
1293
1286
1283
1277
1270
1251
1271
1242
1256
1237
1197
1175
1325
1259
1245
1229
1226
1220
1277
1233
655
626
621
606
543
534
507
475
459
434
440
466
519
451
448
428
400
394
399
357
437
386
342
412
373
372
339
321
287
269
266
263
263
240
251
247
224
230
209
279
203
195
199
200
190
174
181
137
117
133
115
106
100
107
104
95
96
91
95
94
95
75
72
71
88
79
92
90
99
89
90
128
104
107
122
117
138
129
109
111
114
87
96
87
118
102
100
94
59
63
45
58
61
63
63
54
49
46
48
46
41
44
35
31
47
24
30
25
16
28
21
25
14
15
17
13
14
14
11
20
12
12
19
17
18
19
17
14
19
19
14
29
28
22
31
20
16
23
18
13
10
20
18
6
9
7
5
3
7
8
6
12
21
24
35
37
23
26
16
7
13
7
1
6
2
4
4
4
2
3
1
2
0
0
0
0
0
0
