0
23
30
44
45
39
50
67
56
55
47
83
89
116
114
109
111
125
106
108
109
91
92
96
116
109
168
132
237
202
270
274
219
286
325
268
339
319
385
372
383
438
484
543
536
485
641
570
705
685
644
834
732
877
676
800
899
755
799
879
764
941
1057
867
1013
957
1121
1003
891
1261
1146
1073
1165
1076
1150
1127
1252
1161
766
1341
1090
1010
995
1199
972
1165
970
1012
1054
1079
1197
1193
984
959
1348
1038
1301
932
1259
899
1164
909
1328
1121
1019
961
910
1037
1165
1128
921
912
1076
1013
1068
1153
828
1224
1042
1017
1029
884
1087
957
1074
1148
834
1069
1024
876
1122
1071
1061
741
1284
950
984
965
900
1025
883
934
993
879
1124
972
852
950
1061
1116
768
465
423
327
302
471
366
410
318
314
293
411
321
307
320
301
347
256
250
229
233
227
236
209
236
225
224
210
243
202
211
206
219
204
184
178
180
203
193
197
156
210
161
139
132
132
113
126
99
117
105
125
133
105
120
121
116
92
138
101
116
104
143
91
110
105
129
114
87
103
134
110
104
119
98
119
106
121
71
78
127
92
113
88
93
107
66
67
96
71
98
105
110
79
98
104
99
107
97
90
127
114
117
116
122
87
100
88
91
62
80
121
72
79
65
64
59
60
51
60
50
45
40
56
33
41
45
35
42
39
36
48
35
41
36
33
47
27
35
31
33
34
26
26
23
21
33
28
16
23
22
23
11
19
25
8
18
15
11
16
10
16
27
17
16
19
10
26
12
12
10
11
16
6
16
8
6
12
33
28
21
50
39
39
29
36
31
24
12
20
9
5
5
9
3
9
5
8
44
21
15
11
15
13
7
7
8
5
1
7
3
3
5
2
0
1
0
0
0
0
0
0
3
2
0
0
0
0
