1
13
28
26
57
45
49
87
69
93
85
71
74
80
87
106
104
121
151
126
133
133
120
123
138
131
135
136
155
136
161
147
181
202
177
204
201
189
198
201
218
201
190
189
225
233
227
273
282
300
298
304
290
302
298
303
315
305
316
326
297
307
310
309
326
330
325
323
328
348
353
364
405
420
415
381
407
1442
415
403
415
403
417
415
418
447
410
1409
420
426
493
543
528
570
612
608
605
637
1330
660
1302
642
641
599
1271
592
1244
588
631
616
1233
572
1231
558
489
502
498
1252
485
519
481
526
1256
494
1255
480
1245
474
1222
476
467
464
451
492
460
469
567
1298
570
1229
595
601
1249
554
1224
609
540
1215
617
543
550
846
253
241
761
241
723
229
693
207
670
183
188
702
192
641
209
205
212
199
176
180
168
618
175
597
179
155
141
147
143
135
124
128
122
130
129
124
126
113
132
110
111
109
105
117
103
113
99
100
91
131
101
132
114
92
112
126
144
123
119
117
114
117
91
101
94
87
90
93
111
96
91
96
86
87
81
78
83
76
87
89
88
97
88
93
88
90
76
80
70
59
54
52
46
47
47
46
40
42
32
30
22
26
24
31
28
34
36
34
31
38
39
27
39
25
22
51
40
31
46
50
41
42
48
44
48
40
56
46
46
51
43
38
30
29
27
22
26
36
39
30
58
37
46
40
28
30
22
24
17
18
11
14
40
32
41
31
22
28
32
35
15
22
17
12
27
27
25
23
20
31
20
14
21
21
26
17
20
14
9
13
4
6
7
3
0
6
9
4
0
0
4
1
0
1
1
1
4
7
3
7
4
1
1
0
2
1
2
0
0
0
