0
0
0
0
0
0
0
0
0
0
0
0
0
0
0
0
0
0
0
0
0
0
0
0
0
0
0
0
0
0
0
0
0
0
0
0
0
0
0
0
0
0
0
0
0
0
0
0
0
0
0
0
0
0
0
0
0
0
0
0
0
0
0
0
0
0
0
0
0
0
0
0
0
0
0
0
0
0
0
0
0
0
0
0
0
0
29
20
27
20
20
18
15
13
9
9
7
8
8
7
8
5
7
7
7
5
8
8
6
7
45
35
37
30
28
30
28
29
20
25
23
21
24
21
22
18
20
21
17
19
15
15
15
18
8
8
6
6
7
7
7
8
6
9
7
6
7
8
6
5
7
7
4
5
5
3
3
2
0
0
0
0
0
0
0
0
0
0
0
0
0
0
0
0
0
0
0
0
0
0
0
0
0
0
0
0
0
0
0
0
0
0
0
0
0
0
0
0
0
0
0
0
0
0
0
0
0
0
0
0
0
