1
8
18
19
20
32
27
52
51
50
65
73
56
72
73
81
90
90
96
107
142
141
152
151
157
142
153
150
143
165
149
164
164
187
171
200
195
212
213
195
240
260
285
301
290
274
286
284
315
310
281
336
287
291
317
339
1717
330
358
1708
384
340
1694
376
396
1657
442
1656
489
516
502
508
1678
597
1608
547
594
559
645
624
1642
728
707
713
1564
745
738
694
1574
683
720
727
705
893
828
777
1508
749
827
1494
848
848
814
812
1521
831
807
827
824
842
813
1491
852
874
1476
821
898
947
927
913
1463
966
980
1015
1427
996
980
963
1413
1016
998
1003
1008
982
945
946
867
902
877
896
901
1466
915
860
872
821
809
1468
931
916
964
618
571
593
592
579
526
466
974
484
509
758
684
683
656
627
638
546
448
439
435
435
393
364
360
339
339
343
313
356
354
319
335
327
296
327
310
327
364
356
302
347
285
274
305
277
266
231
233
219
190
171
228
234
222
219
200
187
203
197
207
206
182
195
203
185
155
177
149
161
237
184
179
163
161
154
140
142
152
137
135
174
160
159
160
148
143
151
151
181
185
178
134
135
103
126
105
116
89
103
112
87
83
94
100
107
98
103
104
111
113
89
97
79
86
96
92
94
83
67
100
86
91
82
87
90
102
95
90
89
84
69
90
62
89
83
100
91
97
104
94
89
95
98
72
74
66
72
68
81
61
57
55
53
65
68
50
54
70
54
64
59
55
48
55
39
34
36
37
50
40
47
33
40
29
31
40
28
34
23
33
23
21
17
11
31
20
7
14
17
16
10
20
9
10
8
11
9
14
25
11
22
9
14
15
15
9
11
5
6
5
0
6
7
5
0
0
0
0
0
0
0
0
0
