0
0
0
0
0
0
0
0
0
0
0
0
0
0
0
0
0
0
0
0
0
0
0
0
0
0
0
0
0
0
0
0
0
0
0
0
0
0
0
0
0
0
0
0
0
0
0
0
0
0
0
0
0
0
0
0
0
0
54
41
0
0
0
62
16
20
56
10
13
86
3
56
44
36
16
3
36
84
49
62
93
81
110
102
144
101
50
171
79
116
130
100
103
127
105
104
83
166
107
164
139
141
102
98
148
80
191
98
147
133
126
120
138
136
134
199
201
116
119
129
191
134
84
240
92
122
183
196
168
180
205
161
126
189
155
145
179
127
111
259
132
136
179
167
136
146
222
136
286
106
255
44
16
48
18
19
41
14
6
12
37
11
3
18
38
8
32
18
8
43
2
17
1
15
23
4
5
15
0
20
22
4
7
4
8
7
10
7
9
7
9
16
6
6
16
9
9
20
7
9
13
16
6
4
6
26
9
0
8
1
1
7
6
2
4
0
2
3
4
2
3
14
6
2
11
5
13
5
0
2
13
8
0
0
0
15
0
0
0
0
15
0
0
0
0
0
0
0
0
0
0
0
0
0
0
0
0
0
0
0
0
0
0
0
0
0
0
0
0
0
0
0
0
0
0
0
0
0
0
0
0
0
0
0
0
0
0
0
0
0
0
0
0
0
0
0
0
0
0
0
0
0
0
0
0
0
0
0
0
0
0
0
