0
2
2
2
4
7
5
11
11
29
26
35
35
24
27
52
31
36
51
65
51
49
49
49
104
86
97
107
88
79
76
86
85
65
99
109
112
129
136
119
120
103
98
90
89
84
91
120
98
165
149
138
118
127
125
131
119
133
156
165
154
147
153
152
151
133
146
135
151
185
199
214
195
198
192
183
169
175
179
166
174
180
170
185
200
188
178
171
178
184
195
227
217
226
222
242
255
210
245
224
237
240
234
226
206
193
189
192
186
163
178
201
198
185
217
211
214
274
278
256
270
245
206
171
167
153
164
162
172
232
233
219
186
201
194
181
187
171
187
203
211
195
197
199
204
209
209
231
211
223
208
109
95
93
102
87
84
73
101
118
106
95
74
84
71
70
100
109
114
107
118
104
118
101
104
99
80
97
86
73
75
90
83
81
67
70
54
49
50
40
52
56
45
39
35
34
31
20
17
13
7
22
38
39
18
20
21
14
29
15
40
48
28
19
34
29
54
38
29
21
14
14
22
15
12
15
11
10
15
9
7
3
2
2
1
0
1
6
1
0
0
0
2
0
0
0
0
0
0
0
0
0
0
0
0
1
0
1
4
0
2
1
0
4
2
5
2
2
1
2
2
1
1
0
1
0
0
0
0
0
19
3
3
0
0
0
0
0
