0
0
0
0
0
0
0
0
0
0
0
0
0
0
0
0
0
0
0
0
0
0
0
0
0
0
0
0
0
0
0
0
0
0
0
0
0
0
0
0
0
0
0
0
0
139
135
140
85
143
130
96
140
194
197
214
172
208
156
212
236
162
308
315
305
251
331
343
339
375
338
406
376
379
425
392
393
386
416
412
456
556
503
498
520
576
562
562
564
587
750
553
707
595
719
699
660
747
815
654
714
890
760
825
910
753
918
744
966
863
749
938
1146
761
776
1064
938
831
935
855
905
1355
913
853
1141
918
1123
809
1163
836
1142
908
888
1148
1109
667
1311
1062
1055
1009
1458
732
1366
951
1113
1490
565
1571
1031
1124
867
358
489
252
304
411
312
345
362
292
340
259
290
314
300
358
228
275
331
329
196
301
225
275
271
261
269
243
212
239
232
192
158
247
153
194
153
311
170
133
199
178
228
130
118
194
177
221
140
136
142
129
133
135
132
144
76
157
132
135
85
138
84
108
87
94
170
93
63
138
92
84
107
132
145
141
74
94
119
135
95
120
85
97
111
49
88
76
109
65
121
117
80
133
81
56
107
87
58
46
110
47
75
66
86
47
84
65
71
136
34
70
38
74
48
76
39
67
48
52
49
84
85
62
88
37
50
58
55
49
40
54
80
59
36
42
56
49
55
79
50
53
43
65
44
60
47
43
38
36
57
22
84
48
54
30
27
47
51
55
37
43
41
75
36
40
25
21
34
29
22
27
11
41
26
33
30
22
26
34
19
22
25
28
21
19
25
19
28
34
39
17
16
14
26
12
8
20
16
16
19
27
4
27
26
17
17
4
22
9
17
9
8
26
8
19
12
17
18
19
10
23
16
2
11
4
12
17
18
3
10
7
10
6
2
11
21
6
6
1
6
1
5
7
6
1
11
6
3
10
9
2
5
4
2
11
3
3
15
3
5
6
8
4
2
14
7
1
3
3
2
0
1
2
2
11
3
13
1
0
2
2
2
6
4
5
2
2
2
5
1
4
0
9
1
0
0
3
0
5
0
1
3
0
0
1
0
3
1
0
1
0
0
3
5
0
0
0
0
0
0
0
0
0
0
0
2
0
0
1
2
0
3
0
0
0
0
0
0
0
0
0
0
0
0
2
0
0
0
0
0
0
0
0
0
0
0
0
0
0
0
0
0
1
0
0
1
0
1
0
0
0
0
0
0
0
0
0
0
0
0
0
0
0
0
0
0
0
0
0
0
0
0
0
0
0
0
0
0
0
0
0
0
0
0
0
0
0
0
0
0
0
0
0
0
0
0
0
0
0
0
0
0
0
0
0
0
0
0
0
0
0
0
0
0
0
0
0
0
0
0
0
0
0
0
0
0
0
0
0
0
0
0
0
0
0
0
0
0
0
0
0
0
0
0
0
0
0
0
0
0
0
0
0
0
0
0
0
0
0
0
0
0
0
0
0
0
0
0
0
0
0
0
0
0
0
0
