1
13
18
14
22
42
39
43
43
59
81
108
103
110
121
135
141
140
138
149
170
155
169
164
167
1768
184
189
1743
278
266
278
323
321
319
313
296
326
308
343
304
315
1722
319
1725
330
382
1681
408
419
1668
493
512
1622
604
1595
568
634
1585
630
642
618
625
1578
622
596
593
594
581
1601
562
1593
637
627
1591
729
1563
918
988
897
868
862
1493
945
950
1504
1024
965
1467
944
973
1454
1045
1050
1442
1018
1007
1167
1153
1379
1173
1183
1321
1173
1146
1164
1176
1137
1121
1109
1141
1169
1152
1154
1118
1110
1104
1085
1106
1140
1127
1084
1093
965
989
932
882
851
872
831
859
1386
916
871
932
939
1354
1077
1065
1079
1053
1024
1302
1010
999
976
975
960
945
861
836
482
452
436
407
395
359
380
337
343
319
303
300
294
685
283
299
285
259
264
216
223
188
182
170
207
173
166
173
191
157
163
655
162
151
144
153
142
145
127
105
115
91
95
98
92
90
84
83
93
100
91
95
90
85
78
87
72
88
75
71
75
65
59
69
68
75
74
58
107
100
89
78
67
39
25
42
47
22
33
15
52
48
55
53
40
56
43
50
53
45
72
42
38
50
58
71
48
39
44
40
46
53
40
43
39
37
32
17
28
38
36
28
26
32
28
28
20
10
6
15
7
8
9
14
15
13
8
8
15
2
1
1
1
5
0
0
0
0
0
0
0
