1
3
3
2
19
16
19
26
31
18
35
40
43
37
31
27
30
29
27
24
27
24
52
49
64
70
77
62
53
50
54
52
56
65
60
79
84
95
67
84
66
90
91
100
102
98
111
125
125
117
112
98
92
88
83
96
114
147
138
145
151
146
173
162
156
167
161
152
137
135
128
139
143
141
130
156
162
142
153
158
150
146
145
148
169
212
226
227
207
223
220
219
241
225
222
271
277
283
283
285
271
284
264
287
286
281
276
238
258
248
239
217
233
207
215
198
205
206
216
212
216
193
209
198
183
199
189
195
204
228
225
235
225
244
250
233
221
238
239
236
283
258
268
298
278
269
271
283
257
224
215
92
52
58
54
570
83
48
48
70
55
46
50
41
32
508
44
40
45
41
47
59
32
29
33
36
30
32
27
59
51
36
40
28
32
40
37
36
39
41
22
43
32
69
28
39
24
19
23
30
20
26
15
18
24
22
24
26
24
17
13
27
24
34
21
24
26
26
28
17
25
28
23
18
11
29
17
13
13
9
10
12
11
11
7
9
10
10
9
12
9
6
5
5
3
6
7
6
3
2
2
2
2
1
2
6
2
1
1
1
0
0
0
0
