0
26
28
35
26
28
49
40
43
58
41
58
53
59
66
82
68
74
80
78
85
83
89
99
108
101
91
109
108
103
105
102
131
114
132
133
119
129
117
140
146
131
129
151
134
138
154
166
171
160
172
151
183
164
152
160
157
189
171
188
204
234
243
245
262
346
343
363
328
330
355
357
333
349
383
460
449
445
489
519
558
526
523
536
528
552
543
592
584
567
692
717
761
613
584
605
582
563
599
561
561
560
552
575
688
662
671
631
625
616
617
609
627
595
599
556
549
533
525
501
499
485
470
452
450
454
452
449
458
478
603
548
546
538
541
428
453
445
465
444
419
410
406
440
427
434
440
427
402
420
437
225
301
284
259
255
251
222
217
218
190
169
162
155
155
139
160
148
137
144
146
136
138
109
98
100
111
107
80
73
77
58
64
55
58
48
56
53
46
44
51
44
48
46
51
40
38
32
36
24
39
33
34
37
38
31
22
74
57
54
58
35
34
35
47
32
40
39
26
55
45
33
35
30
21
23
22
24
8
11
10
7
11
4
1
6
18
7
7
20
9
14
11
8
2
14
13
3
6
3
2
20
4
11
7
10
17
5
6
0
1
0
0
0
0
0
1
0
1
1
0
0
4
3
3
0
0
0
0
3
1
0
0
0
0
0
0
3
0
0
0
0
0
0
