1
24
27
35
35
36
40
59
59
74
73
85
88
108
121
115
139
132
146
167
156
204
145
175
184
191
188
224
213
217
211
229
218
206
223
229
230
217
252
224
1901
370
362
418
457
474
473
477
505
499
502
519
1915
537
629
1838
640
661
1878
744
1847
721
765
779
921
931
1855
926
885
1850
955
1849
1045
1083
1061
1015
1064
1799
1104
1094
1817
1202
1262
1297
1290
1318
1792
1332
1798
1467
1521
1462
1349
1754
1467
1461
1581
1569
1559
1545
1541
1512
1517
1501
1749
1475
1509
1726
1512
1549
1538
1518
1702
1543
1484
1475
1487
1525
1474
1490
1462
1418
1432
1392
1421
1398
1394
1414
1336
1314
1353
1674
1369
1331
1359
1311
1345
1327
1660
1359
1376
1363
1343
1368
1637
1372
1359
1361
1341
1656
1361
980
949
967
921
940
929
963
973
931
915
917
889
877
848
843
807
814
787
779
756
789
764
779
754
777
759
755
716
697
671
682
656
649
642
627
621
610
600
603
566
587
559
554
517
552
501
512
473
478
441
460
581
526
526
371
384
353
346
361
402
362
389
381
367
390
430
392
393
386
350
355
339
323
310
306
333
334
311
314
304
301
285
308
292
291
276
265
244
273
260
252
260
228
239
224
216
242
222
229
203
220
203
201
197
182
171
176
181
188
182
159
168
163
146
138
132
131
138
137
103
112
110
121
119
104
99
99
100
87
86
96
83
81
84
64
72
71
75
63
63
71
62
55
67
51
60
51
49
66
401
82
68
60
60
52
52
49
49
47
36
39
39
34
35
36
39
59
35
42
49
47
59
44
49
57
41
59
63
62
43
56
46
40
45
43
35
40
47
47
38
39
33
35
37
43
39
27
33
33
17
28
21
22
21
23
25
35
26
28
20
24
20
15
19
18
27
28
12
37
21
29
26
29
21
13
23
23
18
20
17
16
23
20
13
14
13
12
11
11
10
9
7
4
6
5
9
6
5
2
2
4
2
2
1
3
3
0
0
1
0
1
0
