0
0
0
0
0
0
0
0
0
0
0
0
0
0
0
0
0
0
0
0
0
0
0
0
0
0
0
0
0
0
0
0
0
0
0
0
0
0
0
0
0
0
0
0
50
139
134
137
125
139
128
138
184
190
196
212
215
201
230
206
233
240
292
306
312
319
326
340
355
374
366
391
378
407
420
419
397
411
402
446
461
513
508
564
589
612
609
648
655
663
747
739
787
738
840
813
833
903
855
885
909
894
1066
1059
1033
1027
1027
1062
1089
1102
1108
1115
1373
1390
1395
1410
1406
1369
1409
1411
1366
1389
1377
1381
1368
1366
1394
1381
1324
1427
1377
1385
1417
1364
1412
1372
1476
1460
1464
1459
1446
1421
1452
1470
1428
1431
1426
1319
1276
1302
1283
1023
1151
1115
1111
1118
1091
1055
1054
1022
856
796
618
594
563
615
588
582
562
567
493
482
420
388
356
348
343
353
340
329
345
330
327
297
298
296
298
302
287
280
279
278
267
264
219
210
189
188
182
180
170
152
168
140
131
125
142
124
131
123
124
118
112
99
105
99
98
90
82
80
83
68
62
88
85
79
71
72
71
82
74
76
65
72
64
88
84
90
70
83
81
83
73
86
66
75
65
58
75
66
68
74
72
73
96
80
88
81
84
71
69
73
88
64
86
67
74
62
56
66
58
54
56
60
43
51
42
49
29
40
40
31
33
27
23
21
22
17
24
20
20
17
13
14
20
18
12
9
17
14
10
13
8
5
10
6
4
4
6
9
3
5
6
3
4
6
4
2
9
2
2
5
3
4
1
3
1
3
2
3
16
11
15
16
13
8
12
15
10
18
14
12
16
13
11
8
14
10
9
12
10
12
7
6
16
9
19
19
12
17
14
16
12
14
11
11
11
7
7
8
7
10
3
7
5
3
6
7
1
1
3
1
3
2
2
4
2
1
2
2
1
0
1
2
1
2
1
1
3
0
2
2
1
1
0
0
0
0
0
0
0
0
0
0
0
0
0
0
0
0
0
0
0
0
0
0
0
0
0
0
0
0
0
0
0
0
0
0
0
0
0
0
0
0
0
0
0
0
0
0
0
0
0
0
0
0
0
0
0
0
0
0
0
0
0
0
0
0
0
0
0
0
0
0
0
0
0
0
0
0
0
0
0
0
0
0
0
0
0
0
0
0
0
0
0
0
