1
0
0
0
0
0
0
0
0
0
0
0
0
0
0
0
0
0
0
42
42
1935
158
126
1908
160
241
1893
227
1895
341
313
1871
359
1856
341
1880
390
1866
435
1861
458
457
411
1871
461
1884
449
1876
463
1888
532
1876
613
1844
576
1860
649
1864
607
1862
526
1848
577
1849
672
1835
609
1790
664
1824
613
1843
695
1843
655
1833
657
1843
639
1850
747
1823
729
1824
664
1850
718
1810
775
1803
734
1839
752
1803
875
1819
802
1817
837
1803
721
1828
897
1816
768
1818
919
1798
895
1834
851
1806
988
1796
869
1795
960
1774
951
1780
1036
1812
870
1789
1169
1741
951
1790
894
1791
867
1793
1089
1772
964
1757
896
1795
949
1773
1078
1744
1206
1756
690
1802
1052
1758
1038
1752
320
386
1424
282
1425
230
230
1415
225
1409
244
1430
208
207
1449
195
1395
193
190
198
1434
181
1366
161
158
173
152
157
188
1392
132
1382
131
116
1384
119
102
1388
130
1323
78
83
84
93
1370
89
53
45
68
1380
37
35
30
55
49
1418
30
1257
27
24
31
22
24
44
1292
23
25
24
1325
15
19
35
17
19
16
26
14
25
19
11
26
11
1276
12
5
3
13
5
4
17
1107
4
0
4
6
3
1
4
125
2
2
3
1
3
1
4
0
4
1
3
1
3
2
2
2
3
1
3
0
3
0
2
0
2
0
2
0
2
0
0
0
0
0
0
0
0
0
0
0
0
0
0
0
0
0
0
0
0
0
0
0
0
0
0
0
0
0
0
0
0
0
0
0
0
0
0
0
0
0
0
0
0
0
0
0
0
0
0
0
0
0
0
0
0
0
0
0
0
0
0
0
0
0
0
0
0
0
0
0
0
0
0
0
0
0
0
0
0
0
0
0
0
0
0
0
0
0
0
0
0
0
0
0
0
0
0
0
0
0
0
0
0
0
0
0
0
0
0
