0
0
0
0
0
0
0
0
0
0
0
0
0
0
0
0
0
0
0
0
0
0
0
0
0
0
0
0
0
0
0
0
0
0
0
0
0
0
0
0
0
0
0
0
0
0
0
0
0
0
0
0
0
0
0
0
0
0
0
0
0
0
0
0
0
0
0
0
0
35
26
31
26
26
28
26
81
78
78
69
84
71
71
73
70
75
71
75
69
73
68
70
60
66
71
70
71
72
62
79
78
95
82
84
89
72
89
80
79
85
88
100
127
107
130
116
114
123
136
122
131
117
132
152
182
205
217
232
238
230
307
300
279
287
319
297
315
310
326
317
352
356
333
406
371
384
464
449
477
448
462
344
353
324
348
319
342
327
305
310
300
357
303
335
297
313
311
294
301
288
295
228
214
224
209
212
215
171
178
158
165
150
164
136
142
146
142
137
121
107
103
98
88
79
74
59
54
39
31
33
25
35
24
24
24
22
12
11
10
7
9
8
2
4
2
3
2
2
0
1
2
4
3
1
6
4
3
3
3
5
3
3
2
4
3
2
2
6
6
5
3
7
4
3
2
4
3
5
3
5
8
0
2
7
6
9
5
7
11
9
9
6
13
12
6
13
7
5
7
5
10
8
7
6
8
5
8
5
3
6
6
5
2
5
4
9
6
2
4
3
5
2
5
4
1
7
6
4
13
7
4
5
2
5
9
1
3
4
2
1
3
2
3
4
3
2
3
2
0
0
1
1
0
0
0
0
0
0
0
0
0
0
0
0
1
0
0
0
1
0
0
0
0
0
0
0
0
0
0
0
0
0
0
0
0
0
0
0
0
0
0
0
0
0
0
0
0
0
0
0
0
0
0
0
0
0
0
0
0
0
0
0
0
0
0
0
0
0
0
0
0
0
0
0
0
0
0
0
0
0
0
0
0
0
0
0
0
0
0
0
0
0
0
0
0
0
0
0
0
0
0
0
