1
18
49
50
45
47
60
48
55
60
69
92
102
130
126
137
138
119
126
131
145
131
155
181
1845
230
1853
291
342
369
1816
433
1809
450
1809
507
509
1770
539
1795
586
565
1811
632
1785
620
1786
606
602
1801
671
1759
690
1726
728
1729
724
1715
867
1720
903
1713
868
1719
1054
1647
1022
1660
1000
1625
965
1613
1066
1025
1632
1004
1604
1079
1611
988
1580
1028
1603
1049
1591
996
1592
973
1561
952
1565
1013
1555
1143
1516
1062
1520
1088
1543
1054
1553
1079
1544
1094
1544
1173
1173
1501
1090
1502
1074
1507
1075
1488
1089
1480
1086
1464
1112
1479
1111
1476
1149
1463
1016
1484
1194
1443
1098
1445
1028
1439
1140
1442
1136
1429
1127
1404
1002
1458
1132
1429
1089
1409
1032
1441
1151
1236
1165
1426
1256
762
407
375
863
372
795
357
342
334
806
308
349
321
318
321
804
313
304
295
818
287
289
282
274
293
292
255
265
259
260
804
263
239
774
248
264
724
272
262
248
228
720
196
632
166
170
621
135
152
139
113
120
114
108
120
112
635
111
550
110
108
103
89
101
103
90
90
90
80
79
112
117
96
96
113
100
123
124
96
98
94
85
90
86
79
79
75
62
64
41
49
43
39
49
50
59
59
53
63
45
63
47
45
38
28
24
20
24
28
34
23
26
21
29
29
23
20
22
20
44
24
27
22
27
25
33
29
20
26
20
16
17
14
17
13
16
14
13
8
7
6
7
7
7
7
7
6
4
3
6
4
5
2
5
2
5
2
5
2
9
3
4
3
4
3
4
3
4
2
1
0
0
0
