1
0
0
0
0
0
0
0
0
0
0
0
0
0
0
0
0
0
0
42
42
157
163
177
172
245
339
358
332
369
375
431
472
507
491
538
549
604
623
663
819
814
846
893
885
1000
993
1045
1049
1121
1128
1397
1404
1485
1486
1488
1200
1508
1522
1515
1532
1570
1530
1524
1533
1516
1518
1487
1537
1529
1518
1505
1460
1783
1496
1477
1525
1521
1523
1500
1527
1517
1525
1455
1451
1448
1295
1306
1258
1060
1080
1251
1263
1783
1252
1268
1246
1786
1158
1132
1535
1505
1485
1495
1451
1482
1473
1497
1496
1436
1389
1393
1398
1384
1458
1465
1432
1441
1443
1425
1437
1441
1403
1434
1417
1457
1444
1447
1458
1427
1677
1447
1449
1438
1499
1324
1349
1308
1361
1354
1328
1424
1397
1200
1504
1462
1445
1429
1431
1465
1451
1062
963
952
909
856
814
789
777
779
776
713
678
661
433
424
410
347
345
343
327
444
395
316
288
760
233
211
197
182
172
180
175
182
194
176
161
176
154
153
156
1403
135
142
129
119
121
1364
95
95
77
82
85
1361
81
84
83
92
84
80
74
83
80
73
78
62
55
57
48
52
40
617
41
42
37
35
34
34
28
35
28
30
40
28
1346
38
38
30
35
27
25
24
24
29
31
28
32
25
26
30
30
15
22
17
16
21
15
8
13
7
7
5
11
3
14
5
6
14
9
10
13
9
10
10
13
5
13
6
7
5
6
4
3
2
3
4
6
5
5
1
2
1
1
1
1
1
1
1
1
1
1
1
0
1
0
0
0
0
0
0
0
0
0
0
0
0
0
0
0
0
0
0
0
0
0
0
0
0
0
0
0
0
0
0
0
0
0
0
0
0
0
0
0
0
0
0
0
0
0
0
0
0
0
0
0
0
0
0
0
0
0
0
0
0
0
0
0
0
0
0
0
0
0
0
0
0
0
0
0
0
0
0
0
0
0
0
0
0
0
