1
9
23
21
19
34
35
35
39
32
38
74
72
70
78
62
57
66
76
79
107
104
77
96
80
93
112
112
130
141
167
144
138
123
145
138
141
166
150
150
141
157
163
166
161
167
176
199
239
209
213
185
236
235
238
262
261
251
253
244
237
268
249
251
255
257
261
245
241
267
260
268
245
263
247
245
276
275
251
330
313
291
298
312
285
324
332
390
386
375
341
371
333
331
338
327
331
355
319
342
343
342
330
328
340
359
1200
344
345
325
331
325
311
307
312
315
309
307
319
331
328
1136
347
342
321
409
397
382
371
360
388
354
324
298
336
315
322
363
351
341
347
352
347
355
343
355
326
351
1089
374
350
186
184
213
176
184
236
226
224
224
226
240
208
167
187
195
195
197
178
168
175
145
153
636
221
203
201
182
185
175
186
177
171
163
150
174
173
154
151
144
146
152
137
157
134
139
134
113
120
109
103
119
120
110
94
105
93
79
78
88
72
81
70
103
97
86
112
100
106
123
82
92
89
91
86
60
69
64
57
58
60
64
57
86
60
69
72
49
55
62
42
68
35
38
33
39
48
39
45
34
38
36
36
37
28
30
30
41
39
29
77
68
64
61
55
59
49
50
48
42
47
44
45
29
29
42
37
17
34
23
56
41
42
36
37
32
44
45
50
51
79
56
56
48
56
40
37
38
30
41
44
42
52
39
75
46
61
58
60
47
38
36
34
34
29
26
29
29
35
21
21
19
18
15
20
12
17
31
23
23
16
19
21
10
13
12
12
14
10
9
4
7
8
8
8
5
6
6
6
2
4
8
5
9
6
7
4
1
3
3
6
3
4
5
5
8
0
6
3
1
5
2
1
0
0
