0
0
2
3
1
1
5
12
5
4
4
7
5
5
5
5
5
5
5
5
9
6
6
8
7
7
7
11
7
7
7
7
7
7
14
14
12
11
13
13
18
23
20
26
19
20
16
15
21
16
25
18
20
29
22
27
23
22
21
25
34
28
22
20
23
25
26
21
24
27
30
30
24
33
23
22
28
42
40
40
29
37
33
36
33
41
45
43
37
44
73
59
47
49
54
44
62
52
44
63
51
57
53
81
63
60
60
48
45
49
48
52
52
48
48
46
62
54
54
50
57
50
63
59
64
55
58
49
64
61
51
47
47
48
46
44
49
59
56
57
62
53
61
61
53
53
54
46
42
44
55
34
13
11
10
31
24
12
24
17
16
14
9
6
22
12
7
6
3
8
3
2
0
0
0
0
