0
0
0
0
0
0
0
0
0
0
0
0
0
0
0
0
0
0
0
0
0
0
0
0
0
0
0
0
0
0
0
0
0
0
0
0
0
0
0
0
0
0
0
0
0
0
0
0
0
0
0
92
70
158
131
96
163
97
142
99
141
153
96
138
155
111
153
110
150
169
155
173
95
157
176
126
182
159
197
175
188
159
189
192
157
226
182
208
237
198
218
231
179
236
288
276
298
278
356
310
277
382
408
455
450
380
494
424
481
471
506
521
532
572
454
660
466
576
564
648
467
761
534
612
517
707
629
630
581
714
576
434
659
616
546
721
573
639
680
780
525
696
662
631
761
528
724
679
673
778
578
343
170
317
168
208
189
169
174
128
178
108
151
119
125
136
158
127
216
108
120
141
95
127
129
89
131
96
78
67
94
63
106
63
113
71
70
62
95
61
48
90
98
55
86
66
43
75
96
58
63
98
64
35
111
42
51
112
44
59
62
66
56
55
87
50
51
57
73
63
27
42
78
70
31
61
51
38
58
43
66
59
23
109
55
48
61
97
39
36
46
48
72
45
71
28
31
69
57
49
53
51
52
49
45
49
43
34
25
51
52
36
49
38
44
66
37
38
32
91
27
30
30
45
56
26
34
28
14
21
48
20
17
25
36
9
24
26
45
34
16
37
23
21
34
12
26
31
30
19
35
23
11
13
46
7
24
17
26
18
16
13
12
19
22
12
18
14
6
21
14
14
16
23
12
13
15
8
13
14
8
17
9
9
2
14
1
13
5
33
12
19
4
17
14
7
12
9
28
9
6
8
9
3
11
1
9
5
10
4
3
9
1
2
10
3
3
2
5
4
6
1
16
6
1
7
5
5
8
9
6
4
1
4
6
2
0
2
5
0
26
2
4
3
6
0
0
3
0
2
2
0
1
0
0
0
1
6
1
0
0
0
0
2
0
0
0
0
0
0
0
0
1
0
0
0
1
0
0
0
0
0
1
0
0
0
1
0
0
0
0
0
0
2
0
0
0
1
0
0
0
0
1
0
0
0
0
0
0
0
0
0
0
0
0
0
0
0
0
0
0
0
0
0
0
0
0
0
0
0
0
0
0
0
0
0
0
0
0
0
0
0
0
0
0
0
0
0
0
0
0
0
0
0
0
0
0
0
0
0
0
0
0
0
0
0
0
0
0
0
0
0
0
0
0
0
0
0
0
0
0
0
0
0
0
0
0
0
0
0
0
0
0
0
0
0
0
0
0
0
0
0
0
0
0
0
0
0
0
0
0
0
0
0
0
0
