0
0
0
0
0
0
0
0
0
0
0
0
0
0
0
0
0
0
0
0
0
0
0
0
0
0
0
0
0
0
0
0
0
0
0
0
0
0
0
0
0
0
0
0
0
0
0
0
0
0
0
0
0
0
0
0
0
0
0
0
0
0
0
0
0
0
0
0
0
35
26
31
26
26
28
26
27
85
30
76
25
78
25
82
25
30
84
27
28
84
4
86
23
85
42
36
84
28
74
43
90
48
37
105
50
44
85
59
46
100
89
58
86
120
68
125
88
57
109
123
96
96
155
108
156
243
92
170
175
164
184
177
202
160
243
153
212
294
172
153
333
189
265
239
187
316
166
375
236
225
251
125
49
64
74
44
36
34
52
17
30
64
23
35
49
15
36
58
23
34
8
25
39
28
44
16
17
40
22
10
2
54
5
24
57
7
9
18
32
19
22
4
5
70
26
2
18
5
13
45
14
27
25
22
20
17
11
2
4
21
8
12
3
23
10
18
4
5
12
5
14
3
20
29
24
6
14
15
1
34
8
24
7
37
5
13
17
19
6
8
7
27
29
0
7
0
11
34
0
1
19
7
7
3
24
11
4
10
13
14
20
8
4
3
7
12
8
4
15
4
16
4
14
8
13
3
19
3
24
2
0
7
2
10
0
1
2
3
9
6
2
2
0
14
0
3
0
2
0
0
2
0
0
0
0
0
0
2
0
0
7
0
0
1
0
0
3
4
0
0
0
2
7
0
0
4
0
0
0
3
0
1
0
0
0
2
0
1
0
0
0
0
1
0
0
0
0
0
0
0
0
0
0
0
0
0
0
0
0
0
0
0
0
0
0
0
0
0
0
0
0
0
0
0
0
0
0
0
0
0
0
0
0
0
0
0
0
0
0
0
0
0
0
0
0
0
0
0
0
0
0
0
0
0
0
0
0
0
0
0
0
0
0
0
0
0
0
0
0
0
0
0
0
0
0
0
0
0
0
0
0
0
0
0
0
0
0
0
0
0
0
0
0
0
0
0
0
0
0
0
0
0
0
0
0
0
0
0
0
0
0
0
0
0
0
0
0
