0
0
0
0
0
0
0
0
0
0
0
0
0
0
0
0
0
0
0
0
0
0
0
0
0
0
0
0
0
0
0
0
0
0
0
0
0
0
0
0
0
0
0
0
0
0
0
0
0
0
0
0
0
0
0
0
52
43
45
38
40
39
40
49
50
54
49
47
45
77
75
71
66
66
55
55
50
86
103
61
90
123
172
164
160
163
163
151
145
162
171
185
197
193
213
199
193
185
180
172
171
147
159
154
152
137
189
183
180
178
172
178
193
182
188
190
182
192
180
191
222
192
215
197
198
187
227
219
232
230
233
226
217
210
213
189
151
145
193
201
286
268
259
404
368
423
415
415
445
376
385
305
186
196
219
208
228
175
130
128
123
132
117
126
103
109
128
114
131
133
100
89
92
54
68
78
66
64
62
50
40
55
44
50
42
36
33
22
21
18
16
14
10
14
15
8
14
17
14
11
8
3
7
1
7
9
0
1
0
3
0
1
0
0
0
0
0
0
0
0
0
0
0
0
0
0
0
0
0
0
0
0
0
0
0
0
0
0
0
0
0
0
0
0
0
0
0
0
0
0
0
0
0
0
0
0
0
0
0
0
0
0
0
0
0
0
0
0
0
0
0
0
0
0
0
0
0
0
0
0
0
0
0
0
0
0
0
0
0
0
0
0
0
0
