0
18
21
19
29
25
28
30
45
46
48
61
62
70
96
114
115
111
120
127
99
108
110
122
144
157
154
141
149
142
146
157
161
150
159
171
165
188
179
195
204
185
183
184
209
316
249
287
364
313
354
340
340
388
453
409
409
397
383
389
429
405
382
389
406
468
395
434
475
449
423
523
497
571
529
663
652
643
709
786
739
659
736
719
798
637
800
782
668
872
628
822
895
708
868
931
734
949
867
838
855
1123
758
917
833
841
854
608
803
730
630
974
918
821
862
679
810
879
743
738
739
871
827
644
859
634
772
950
695
699
610
910
659
761
890
678
627
948
612
796
516
939
585
906
709
667
744
583
733
734
576
298
248
187
209
170
207
183
190
172
185
151
180
168
158
205
166
203
146
172
156
160
148
146
146
153
180
158
143
145
146
136
197
128
123
122
147
122
129
139
130
126
109
130
129
113
110
101
92
90
76
90
80
85
65
70
59
69
78
64
88
83
70
81
73
65
81
93
100
85
78
97
103
81
83
73
66
78
86
74
70
53
60
69
54
52
65
54
66
57
38
45
49
35
41
46
51
35
42
27
19
20
20
39
9
15
13
23
50
48
24
36
34
77
50
35
24
24
37
26
29
33
37
37
31
21
11
18
15
17
31
23
29
29
31
22
23
26
31
10
10
14
7
14
11
12
12
11
8
21
8
11
11
10
15
10
12
11
21
10
21
15
22
11
4
4
2
2
0
1
2
0
0
0
