0
11
31
27
28
30
52
40
48
53
51
62
96
85
80
92
102
99
105
115
79
89
74
99
89
95
100
121
141
145
161
151
179
229
248
270
329
324
351
389
426
416
409
418
444
452
519
503
559
665
688
654
694
674
689
656
688
850
1041
1105
1060
994
993
1023
992
1011
927
1164
1201
1179
1271
1280
1075
1067
1108
999
1068
1055
1108
1092
1058
1031
1029
1096
1042
1002
1257
1200
1156
1169
1148
1139
1148
1149
1144
1119
1120
1076
1088
1076
1084
1059
1055
1002
1011
1048
1023
993
960
937
915
920
946
940
943
938
1114
1074
1032
1029
1016
1011
993
987
974
962
964
949
950
971
1051
1013
1011
1015
1008
1001
930
913
911
908
914
891
841
797
818
795
960
892
889
883
752
364
349
329
335
298
279
275
262
258
242
243
263
253
235
206
232
207
213
194
199
234
223
203
192
164
175
161
149
139
126
121
129
113
170
145
158
135
134
126
133
129
126
110
97
86
114
70
66
42
58
47
47
41
49
52
59
57
78
74
59
56
77
58
59
68
54
67
52
48
123
80
93
81
79
83
53
59
41
49
34
30
32
41
25
32
23
39
31
21
18
31
15
29
33
26
18
19
19
17
12
9
9
5
3
4
1
3
2
2
4
1
3
2
2
4
1
3
0
0
0
0
0
0
0
0
