1
7
19
23
32
18
27
41
36
35
33
42
30
47
50
75
71
85
80
103
109
119
109
104
136
132
144
177
156
150
149
153
153
144
139
167
161
172
1601
203
232
232
228
203
1558
286
267
291
267
277
1526
337
1511
343
342
373
366
288
1499
364
1457
323
1463
311
1434
355
1416
332
1405
387
1396
346
1390
367
1364
364
1384
336
1371
341
409
1385
413
1329
406
1298
494
1225
426
1287
459
1270
476
1254
453
1208
478
1180
504
1150
468
1142
474
1166
457
1138
470
1165
447
1164
455
1152
474
1126
490
1151
476
1131
444
1152
446
1147
447
1129
443
1102
465
1081
470
1042
451
1058
420
1096
415
1114
418
1092
425
1087
433
1056
423
1032
421
1084
432
388
1134
424
1111
136
136
135
133
128
117
113
111
100
120
99
92
89
89
96
84
77
78
70
75
74
65
65
62
69
61
53
45
48
49
38
47
38
42
38
30
34
33
28
27
22
24
30
33
58
44
36
36
26
19
25
15
17
28
14
10
7
6
6
12
6
7
7
6
7
8
8
8
9
7
3
6
3
2
2
2
2
1
0
0
0
0
0
